../../benches/sr19/old/partial-5-17-s-sc2007.cnf 0 1 299.279 27887 3122312 442756 0 2247596
../../benches/sr19/old/partial-5-19-u-sc2007.cnf 0 1 299.162 27419 3470291 408994 0 3113481
../../benches/sr19/old/ps_5000_21250_3_0_0.7_0_1.45_4-sc2017.cnf 0 1 299.989 86101 6233663 2161730 0 6103
../../benches/sr19/old/ps_5000_21250_3_0_0.8_0_1.55_2-sc2017.cnf 0 1 299.977 93445 4868465 2915597 0 4107777
../../benches/sr19/old/rbcl_xits_11_UNKNOWN-sc2009.cnf 0 1 299.962 83060 4020807 3172556 0 630482
../../benches/sr19/old/rbcl_xits_13_UNKNOWN-sc2009.cnf 0 1 299.952 78933 3866447 2974363 0 908128
../../benches/sr19/old/rbsat-v2100c215164g4-sc2011.cnf 0 1 299.956 37987 5264981 3570169 0 787067
../../benches/sr19/old/rbsat-v2400c266431g5-sc2009.cnf 0 1 299.916 27181 4763219 3512515 0 395530
../../benches/sr19/old/rphp5_100_shuffled-sc2016.cnf 0 1 299.989 136307 172972030 9701506 0 3016583
../../benches/sr19/old/rpoc_xits_11_UNKNOWN-sc2009.cnf 0 1 299.96 88997 3833105 3086519 0 874919
../../benches/sr19/old/rpoc_xits_12_UNKNOWN-sc2009.cnf 0 1 299.969 76635 3580962 3081170 0 859287
../../benches/sr19/old/rubikcube701-sc2017.cnf 0 1 299.976 73259 2913448 1436447 0 2720267
../../benches/sr19/old/rubikcube912-sc2017.cnf 0 1 299.974 67376 2875227 1352186 0 2220110
../../benches/sr19/old/safe-30-h29-unsat-sc2007.cnf 0 1 299.794 116645 10057358 3033868 0 10015491
../../benches/sr19/old/SAT_dat.k100-sc2012.cnf 0 1 299.3 43126 3110016 1067313 0 2835737
../../benches/sr19/old/SAT_dat.k85-sc2013.cnf 0 1 296.812 9517 1210465 221273 0 1155516
../../benches/sr19/old/Schur_160_5_d38-sc2016.cnf 0 1 299.989 98212 6159947 3564717 0 407045
../../benches/sr19/old/Schur_161_5_d22-sc2016.cnf 0 1 299.989 78771 5988074 3568583 0 375307
../../benches/sr19/old/sgen1-sat-180-100-sc2009.cnf 0 1 299.998 87586 5237519 3729922 0 43161
../../benches/sr19/old/sgen1-unsat-109-100-sc2009.cnf 0 1 299.999 186635 7231899 4868678 0 219996
