../../benches/sr19/old/partial-5-17-s-sc2007.cnf 10 2 1017.43 71461 9334959 1568384 0 8975276
../../benches/sr19/old/partial-5-19-u-sc2007.cnf 0 2 1999.8 82101 12832157 3538650 0 12633666
../../benches/sr19/old/ps_5000_21250_3_0_0.7_0_1.45_4-sc2017.cnf 0 2 1999.97 368017 23903545 8168385 0 16996
../../benches/sr19/old/ps_5000_21250_3_0_0.8_0_1.55_2-sc2017.cnf 20 2 1401.22 391716 15869725 9131615 0 15781559
../../benches/sr19/old/rbcl_xits_11_UNKNOWN-sc2009.cnf 0 2 1999.86 331815 18727151 14937447 0 14152165
../../benches/sr19/old/rbcl_xits_13_UNKNOWN-sc2009.cnf 0 2 1999.94 302468 18942774 15387542 0 18284858
../../benches/sr19/old/rbsat-v2100c215164g4-sc2011.cnf 0 2 1999.93 212101 25710088 18050768 0 403793
../../benches/sr19/old/rbsat-v2400c266431g5-sc2009.cnf 0 2 1999.91 184319 27626574 20202037 0 394063
../../benches/sr19/old/rphp5_100_shuffled-sc2016.cnf 0 2 1999.98 584599 702285004 40697333 0 3535256
../../benches/sr19/old/rpoc_xits_11_UNKNOWN-sc2009.cnf 0 2 1999.95 298610 17168388 14811080 0 348407
../../benches/sr19/old/rpoc_xits_12_UNKNOWN-sc2009.cnf 0 2 1999.95 296903 16767629 14720877 0 340010
../../benches/sr19/old/rubikcube701-sc2017.cnf 0 2 1999.9 172867 7637645 5133084 0 6661599
../../benches/sr19/old/rubikcube912-sc2017.cnf 0 2 1999.94 129976 7057601 4275707 0 6611571
../../benches/sr19/old/safe-30-h29-unsat-sc2007.cnf 0 2 1999.83 946563 68054602 22169394 0 36475784
../../benches/sr19/old/SAT_dat.k100-sc2012.cnf 20 2 125.228 17494 895742 386401 0 869709
../../benches/sr19/old/SAT_dat.k85-sc2013.cnf 20 2 1714.66 92873 5381514 1527364 0 5345068
../../benches/sr19/old/Schur_160_5_d38-sc2016.cnf 10 2 274.256 91005 5362488 3027913 0 381989
../../benches/sr19/old/Schur_161_5_d22-sc2016.cnf 0 2 1999.83 322928 25286579 15491322 0 370068
../../benches/sr19/old/sgen1-sat-180-100-sc2009.cnf 0 2 1999.93 344605 19402730 14261442 0 124583
../../benches/sr19/old/sgen1-unsat-109-100-sc2009.cnf 0 2 1999.91 785349 25691891 20087535 0 119548
