../../benches/sr19/old/srhd-sgi-m62-q1504.5-n60-p30-s88600538-sc2011.cnf 0 1 299.814 49719 3840055 3321150 0 401300
../../benches/sr19/old/stable-400-0.1-4-9876543214004-sc2014.cnf 0 1 299.959 61492 5576226 4473387 0 4903897
../../benches/sr19/old/sted1_0x0-380-sc2018.cnf 0 1 299.84 44996 3417009 1083282 0 3032456
../../benches/sr19/old/stone-width3chain-nmarkers-20_shuffled-sc2016.cnf 0 1 291.573 5890 4644143 275015 0 4273194
../../benches/sr19/old/T103.2.1-sc2017.cnf 0 1 293.218 1526 147015 50006 0 142408
../../benches/sr19/old/T169.1.0-sc2017.cnf 0 1 295.555 7405 27569612 90572 0 10361460
../../benches/sr19/old/test_v7_r12_vr10_c1_s18160.smt2-stp212-sc2016.cnf 0 1 299.287 38365 3462612 734772 0 3345315
../../benches/sr19/old/TimetableCNFEncoding_5_UNKNOWN-sc2018.cnf 0 1 299.004 31678 71805515 480463 0 57012061
../../benches/sr19/old/total-10-15-u-sc2007.cnf 0 1 299.211 47015 2846797 1326725 0 2794554
../../benches/sr19/old/tseitingrid7x160_shuffled-sc2016.cnf 0 1 299.99 389082 126200526 15357014 0 675959
../../benches/sr19/old/UCG-20-10p1-sc2009.cnf 0 1 298.982 10587 1112449 279092 0 1082141
../../benches/sr19/old/uniqinv47prop-sc2018.cnf 0 1 299.959 40395 4351739 1340839 0 3906528
../../benches/sr19/old/unsat-set-a-fclqcolor-20-13-14.sat05-1278.reshuffled-07-sc2007.cnf 0 1 299.983 116889 25115955 9465364 0 577553
../../benches/sr19/old/UR-20-5p1-sc2009.cnf 0 1 299.142 23134 1811012 407973 0 1769795
../../benches/sr19/old/UTI-20-10p0-sc2009.cnf 0 1 299.142 27127 2217691 466011 0 2217691
../../benches/sr19/old/UTI-20-10p1-sc2009.cnf 0 1 298.914 26338 2328499 450169 0 2096223
../../benches/sr19/old/UTI-20-5p0-sc2009.cnf 0 1 299.176 33802 3241843 774565 0 3126919
../../benches/sr19/old/vmpc_31-sc2007.cnf 0 1 299.95 72217 4850342 2380265 0 4044132
../../benches/sr19/old/vmpc_34.shuffled-as.sat05-1958-sc2005.cnf 0 1 299.915 70984 4828353 2245257 0 3731408
../../benches/sr19/old/vmpc_36.renamed-as.sat05-1922-sc2005.cnf 0 1 299.925 69631 4837560 2210117 0 4728412
../../benches/sr19/old/x2_128.shuffled-as.sat03-1598-sc2002.cnf 0 1 299.999 346834 22693973 6965989 0 181995
