../../benches/sr19/old/srhd-sgi-m62-q1504.5-n60-p30-s88600538-sc2011.cnf 0 2 1999.8 246690 23282818 20301434 0 393968
../../benches/sr19/old/stable-400-0.1-4-9876543214004-sc2014.cnf 10 2 18.1926 5745 653250 530181 0 270755
../../benches/sr19/old/sted1_0x0-380-sc2018.cnf 0 2 1999.86 181366 13862168 5051778 0 12832824
../../benches/sr19/old/stone-width3chain-nmarkers-20_shuffled-sc2016.cnf 0 2 1995.04 42709 35604988 1861144 0 35604988
../../benches/sr19/old/T103.2.1-sc2017.cnf 20 2 1114.39 14583 3083533 356661 0 2860130
../../benches/sr19/old/T169.1.0-sc2017.cnf 10 2 97.0278 1409 8663652 46495 0 7681704
../../benches/sr19/old/test_v7_r12_vr10_c1_s18160.smt2-stp212-sc2016.cnf 0 2 1999.35 124160 11034504 3115799 0 10823638
../../benches/sr19/old/TimetableCNFEncoding_5_UNKNOWN-sc2018.cnf 0 2 1998.85 114608 395521365 6627520 0 357983487
../../benches/sr19/old/total-10-15-u-sc2007.cnf 0 2 1999.97 384527 19455504 11288230 0 19220803
../../benches/sr19/old/tseitingrid7x160_shuffled-sc2016.cnf 0 2 1999.97 1760650 443265277 66600464 0 856666
../../benches/sr19/old/UCG-20-10p1-sc2009.cnf 10 2 376.408 14618 839082 443436 0 759088
../../benches/sr19/old/uniqinv47prop-sc2018.cnf 0 2 1999.97 249537 23044406 5883904 0 22211332
../../benches/sr19/old/unsat-set-a-fclqcolor-20-13-14.sat05-1278.reshuffled-07-sc2007.cnf 0 2 1999.97 401029 110362257 43274576 0 544087
../../benches/sr19/old/UR-20-5p1-sc2009.cnf 10 2 120.191 6381 458606 166698 0 449740
../../benches/sr19/old/UTI-20-10p0-sc2009.cnf 20 2 187.531 17944 1362888 531369 0 1333040
../../benches/sr19/old/UTI-20-10p1-sc2009.cnf 10 2 674.028 57196 4283366 1654820 0 4136189
../../benches/sr19/old/UTI-20-5p0-sc2009.cnf 20 2 201.881 20477 1661164 678263 0 1547895
../../benches/sr19/old/vmpc_31-sc2007.cnf 0 2 1999.96 272989 18014112 8970870 0 17402806
../../benches/sr19/old/vmpc_34.shuffled-as.sat05-1958-sc2005.cnf 0 2 1999.92 267280 19185237 9014979 0 17306490
../../benches/sr19/old/vmpc_36.renamed-as.sat05-1922-sc2005.cnf 0 2 1999.94 265271 20402139 9313242 0 20147154
../../benches/sr19/old/x2_128.shuffled-as.sat03-1598-sc2002.cnf 0 2 1999.98 1304830 86749062 39999913 0 476168
