../../benches/sr19/old/ex145_11-sc2018.cnf 0 1 299.878 114900 7090323 2172289 0 6971762
../../benches/sr19/old/ex175_17-sc2018.cnf 0 1 287.342 4706 316804 97339 0 261094
../../benches/sr19/old/ex175_18-sc2018.cnf 0 1 289.436 4230 336325 105005 0 254424
../../benches/sr19/old/f10nidw-sc2012.cnf 0 1 298.43 31825 7471180 765022 0 7184825
../../benches/sr19/old/frb59-26-1.used-as.sat04-891-sc2011.cnf 0 1 299.95 50649 5646195 3873093 0 807283
../../benches/sr19/old/gss-33-s100-sc2009.cnf 0 1 299.946 3431 287003 280911 0 239152
../../benches/sr19/old/gto_p60c238-sc2018.cnf 0 1 299.995 252530 7829390 6642633 0 7533126
../../benches/sr19/old/gus-md5-14-sc2009.cnf 0 1 299.896 2557 170947 125000 0 153234
../../benches/sr19/old/hwb-n26-01-S1957858365.shuffled-as.sat03-1622-sc2002.cnf 0 1 299.983 113802 5201393 4020366 0 3435149
../../benches/sr19/old/hwb-n26-03-S540351185.sat05-490.reshuffled-07-sc2007.cnf 0 1 299.994 121141 5000472 3576177 0 4286623
../../benches/sr19/old/hwmcc10-timeframe-expansion-k45-pdtpmspalu-tseitin-sc2011.cnf 0 1 299.873 116689 14338122 1712999 0 13555125
../../benches/sr19/old/hwmcc15deep-6s516r-k18-sc2017.cnf 0 1 299.929 102340 37626434 3096694 0 36760220
../../benches/sr19/old/hwmcc15deep-oski15a10b10s-k22-sc2017.cnf 0 1 299.126 48089 8737391 689691 0 8545603
../../benches/sr19/old/IBM_FV_20002_31_1_rule_1_SAT_dat.k95-sc2007.cnf 0 1 299.756 64366 6602170 1431106 0 6147781
../../benches/sr19/old/IBM_FV_2004_rule_batch_2_31_2_SAT_dat.k45.debugged-sc2012.cnf 0 1 299.888 67997 4596865 1252439 0 4185551
../../benches/sr19/old/jgiraldezlevy.2200.9086.08.40.149-sr2015.cnf 0 1 299.994 81361 3837575 1541118 0 3704701
../../benches/sr19/old/k_unsat-sc2013.cnf 0 1 299.954 54309 2448936 1299935 0 2385871
../../benches/sr19/old/LABS_n066_goal005-sc2013.cnf 0 1 299.839 6599 663453 254745 0 618463
../../benches/sr19/old/LABS_n071_goal001-sc2013.cnf 0 1 299.806 7649 449393 229115 0 438193
../../benches/sr19/old/LABS_n087_goal008-sc2013.cnf 0 1 299.482 5785 598468 95665 0 451132
