../../benches/sr19/old/ex145_11-sc2018.cnf 0 2 1999.92 367090 22784444 7591129 0 21535561
../../benches/sr19/old/ex175_17-sc2018.cnf 0 2 1996.67 92587 5505419 1953127 0 5059385
../../benches/sr19/old/ex175_18-sc2018.cnf 0 2 1995.35 91644 6151982 1944421 0 5651229
../../benches/sr19/old/f10nidw-sc2012.cnf 20 2 282.075 35274 7852324 1107577 0 7798596
../../benches/sr19/old/frb59-26-1.used-as.sat04-891-sc2011.cnf 0 2 1999.95 212276 21930675 16343492 0 379841
../../benches/sr19/old/gss-33-s100-sc2009.cnf 0 2 1999.97 45985 2192380 2175685 0 2083772
../../benches/sr19/old/gto_p60c238-sc2018.cnf 20 2 91.4305 82291 2826803 2470985 0 2806392
../../benches/sr19/old/gus-md5-14-sc2009.cnf 0 2 1999.93 24616 1906846 869772 0 1853998
../../benches/sr19/old/hwb-n26-01-S1957858365.shuffled-as.sat03-1622-sc2002.cnf 20 2 522.312 204552 6805762 5773159 0 6694082
../../benches/sr19/old/hwb-n26-03-S540351185.sat05-490.reshuffled-07-sc2007.cnf 20 2 1785.72 420999 15711648 12940968 0 15664521
../../benches/sr19/old/hwmcc10-timeframe-expansion-k45-pdtpmspalu-tseitin-sc2011.cnf 0 2 1999.9 469802 68576295 7458807 0 68313282
../../benches/sr19/old/hwmcc15deep-6s516r-k18-sc2017.cnf 20 2 501.712 256372 74230747 5775562 0 71973285
../../benches/sr19/old/hwmcc15deep-oski15a10b10s-k22-sc2017.cnf 0 2 1999.73 217755 26782538 5152979 0 26634780
../../benches/sr19/old/IBM_FV_20002_31_1_rule_1_SAT_dat.k95-sc2007.cnf 0 2 1999.87 229304 21023070 5484161 0 19775684
../../benches/sr19/old/IBM_FV_2004_rule_batch_2_31_2_SAT_dat.k45.debugged-sc2012.cnf 0 2 1999.9 204221 14362786 5128292 0 13584691
../../benches/sr19/old/jgiraldezlevy.2200.9086.08.40.149-sr2015.cnf 10 2 157.9 22760 1615211 972199 0 1614892
../../benches/sr19/old/k_unsat-sc2013.cnf 0 2 1999.85 189797 8949760 5268773 0 8921778
../../benches/sr19/old/LABS_n066_goal005-sc2013.cnf 10 2 613.048 26340 2145726 558884 0 2138488
../../benches/sr19/old/LABS_n071_goal001-sc2013.cnf 0 2 1999.72 70462 3464172 1730850 0 3464119
../../benches/sr19/old/LABS_n087_goal008-sc2013.cnf 10 2 1753.66 34421 3589664 616117 0 3554651
