../../benches/sr19/old/LABS_n089_goal008-sc2013.cnf 0 1 299.429 4843 492224 75004 0 304144
../../benches/sr19/old/le450_15b.col.15-sc2018.cnf 0 1 299.961 113110 6785276 5981046 0 276783
../../benches/sr19/old/li-exam-63.shuffled-as.sat03-368-sc2002.cnf 0 1 299.921 47006 12790736 726812 0 12652810
../../benches/sr19/old/li-test4-99.shuffled-as.sat03-377-sc2002.cnf 0 1 299.857 37516 20193283 377714 0 18939467
../../benches/sr19/old/manthey_single-ordered-initialized-w50-b7-sr2015.cnf 0 1 299.944 45974 2510183 1453184 0 2290832
../../benches/sr19/old/MD5-29-4-sc2014.cnf 0 1 299.968 88746 32980918 1409332 0 31172711
../../benches/sr19/old/MD5-29-5-sc2014.cnf 0 1 299.968 90003 33422620 1415839 0 28605787
../../benches/sr19/old/minxorminand128-sc2009.cnf 0 1 299.755 41058 12486887 1344008 0 12241040
../../benches/sr19/old/mod2c-3cage-unsat-10-2.sat05-2567.reshuffled-07-sc2007.cnf 0 1 299.987 303204 12634326 9595568 0 21821
../../benches/sr19/old/mod2c-3cage-unsat-10-3.sat05-2568.reshuffled-07-sc2007.cnf 0 1 299.994 290649 12698119 9345596 0 17780
../../benches/sr19/old/mod4block_2vars_10gates_u2_autoenc-sc2009.cnf 0 1 299.943 157728 7586952 1959388 0 4751588
../../benches/sr19/old/mulhs016-sc2009.cnf 0 1 299.993 63456 3137490 1441998 0 2827603
../../benches/sr19/old/MUS-v310-4-sc2013.cnf 0 1 299.994 102480 4082062 2198752 0 62030
../../benches/sr19/old/Nb51T6-sc2018.cnf 0 1 291.733 446 283907 8298 0 275538
../../benches/sr19/old/ndhf_xits_16_UNKNOWN-sc2009.cnf 0 1 299.876 70168 2970538 2463232 0 997045
../../benches/sr19/old/newton.2.3.i.smt2-cvc4-sc2016.cnf 0 1 299.352 8012 416658 166367 0 383302
../../benches/sr19/old/par32-1-c.shuffled-as.sat03-1531-sc2002.cnf 0 1 299.995 108043 4823695 2956402 0 4147803
../../benches/sr19/old/partial-10-11-s-sc2007.cnf 0 1 299.51 33966 3359914 547819 0 3315902
../../benches/sr19/old/partial-10-11-u-sc2007.cnf 0 1 299.489 27208 2632080 600052 0 2616521
../../benches/sr19/old/partial-5-11-u-sc2007.cnf 0 1 299.59 26193 2789403 1062724 0 2562527
