../../benches/sr19/old/LABS_n089_goal008-sc2013.cnf 10 2 178.195 1553 206462 50063 0 182684
../../benches/sr19/old/le450_15b.col.15-sc2018.cnf 0 2 1999.87 730985 37857747 33303116 0 211567
../../benches/sr19/old/li-exam-63.shuffled-as.sat03-368-sc2002.cnf 0 2 1999.92 155574 39248874 4456709 0 35126755
../../benches/sr19/old/li-test4-99.shuffled-as.sat03-377-sc2002.cnf 0 2 1999.95 121346 71825729 2850166 0 71700309
../../benches/sr19/old/manthey_single-ordered-initialized-w50-b7-sr2015.cnf 20 2 1002.96 81531 5530323 3996412 0 5271982
../../benches/sr19/old/MD5-29-4-sc2014.cnf 0 2 1999.94 213901 88260976 6136982 0 87141999
../../benches/sr19/old/MD5-29-5-sc2014.cnf 0 2 1999.96 206348 85545825 6075642 0 73545955
../../benches/sr19/old/minxorminand128-sc2009.cnf 20 2 1385.24 182844 38144897 5786547 0 37546299
../../benches/sr19/old/mod2c-3cage-unsat-10-2.sat05-2567.reshuffled-07-sc2007.cnf 20 2 416.282 335447 20599046 15359855 0 20549832
../../benches/sr19/old/mod2c-3cage-unsat-10-3.sat05-2568.reshuffled-07-sc2007.cnf 20 2 922.896 915603 34192712 26290673 0 34156765
../../benches/sr19/old/mod4block_2vars_10gates_u2_autoenc-sc2009.cnf 10 2 16.4026 4054 350652 156711 0 340451
../../benches/sr19/old/mulhs016-sc2009.cnf 0 2 1999.91 237973 11319906 5679451 0 10564268
../../benches/sr19/old/MUS-v310-4-sc2013.cnf 0 2 1999.98 394862 13091225 8246518 0 12917761
../../benches/sr19/old/Nb51T6-sc2018.cnf 0 2 1997.5 6774 598991 217883 0 598991
../../benches/sr19/old/ndhf_xits_16_UNKNOWN-sc2009.cnf 0 2 1999.75 271687 13507342 11587490 0 460004
../../benches/sr19/old/newton.2.3.i.smt2-cvc4-sc2016.cnf 0 2 1999.59 18774 1236224 806833 0 1199371
../../benches/sr19/old/par32-1-c.shuffled-as.sat03-1531-sc2002.cnf 0 2 1999.98 447717 18559526 12220401 0 14711993
../../benches/sr19/old/partial-10-11-s-sc2007.cnf 20 2 2.77787 12 11943 5116 0 3315902
../../benches/sr19/old/partial-10-11-u-sc2007.cnf 0 2 1999.87 91620 9325375 4500888 0 9212213
../../benches/sr19/old/partial-5-11-u-sc2007.cnf 0 2 1999.93 335152 16417680 8673195 0 16168309
