../../benches/sr19/old/001-80-12-sc2014.cnf 0 1 299.737 133948 54155613 2379674 0 51816049
../../benches/sr19/old/002-80-8-sc2014.cnf 0 1 299.745 140850 53716731 2291700 0 52797992
../../benches/sr19/old/002-sc2013.cnf 0 1 299.933 120846 32540416 1736960 0 28987736
../../benches/sr19/old/003-sc2013.cnf 0 1 299.917 125937 38881370 1818572 0 33486846
../../benches/sr19/old/004-22-160-sc2014.cnf 0 1 299.932 120845 32549490 1742069 0 28150153
../../benches/sr19/old/004-80-8-sc2014.cnf 0 1 299.746 136643 53121182 2273949 0 40946991
../../benches/sr19/old/004-sc2013.cnf 0 1 299.934 124726 36564832 1785333 0 25259879
../../benches/sr19/old/006-23-96-sc2014.cnf 0 1 299.931 123570 38523463 1824584 0 29310858
../../benches/sr19/old/007-sc2013.cnf 0 1 299.923 130027 36459498 1828185 0 30538733
../../benches/sr19/old/008-80-8-sc2014.cnf 0 1 299.737 132775 58136327 2242545 0 53783944
../../benches/sr19/old/11pipe_11_ooo-sc2011.cnf 0 1 299.135 15673 2045421 412101 0 2045421
../../benches/sr19/old/20180322_164224543_p_cnf_320_1120-sc2018.cnf 0 1 299.993 79564 4600320 2121649 0 233895
../../benches/sr19/old/20180326_095804936_p_cnf_320_1120-sc2018.cnf 0 1 299.987 80224 4537422 2073345 0 195198
../../benches/sr19/old/24.4-sc2017.cnf 0 1 299.916 125572 33600574 1875594 0 29390278
../../benches/sr19/old/289-unsat-21x14-sc2011.cnf 0 1 299.967 59385 12187350 4178213 0 726933
../../benches/sr19/old/58bits_13.dimacs-sr2015.cnf 0 1 299.984 98292 3883864 1781510 0 2929339
../../benches/sr19/old/6-4-6-sc2018.cnf 0 1 299.898 39082 3121971 1147718 0 2843777
../../benches/sr19/old/62bits_14.dimacs-sr2015.cnf 0 1 299.966 111156 3797723 1858341 0 3450446
../../benches/sr19/old/6s126-opt-sc2014.cnf 0 1 299.049 38408 7763175 694923 0 7701098
../../benches/sr19/old/6s133-sc2014.cnf 0 1 299.93 142764 11517652 2633179 0 11409810
