../../benches/sr19/old/001-80-12-sc2014.cnf 10 2 971.324 94360 38866251 2519382 0 38851240
../../benches/sr19/old/002-80-8-sc2014.cnf 10 2 314.969 98817 41055692 2004720 0 32887054
../../benches/sr19/old/002-sc2013.cnf 0 2 1999.96 293391 92112764 7090864 0 89142884
../../benches/sr19/old/003-sc2013.cnf 0 2 1999.95 300114 108301508 7129688 0 102920258
../../benches/sr19/old/004-22-160-sc2014.cnf 0 2 1999.96 289273 91218848 7042780 0 88368545
../../benches/sr19/old/004-80-8-sc2014.cnf 10 2 300.848 54815 24357128 1338067 0 18328734
../../benches/sr19/old/004-sc2013.cnf 0 2 1999.89 285274 97131894 6848257 0 87076954
../../benches/sr19/old/006-23-96-sc2014.cnf 0 2 1999.95 310700 110946725 7306198 0 109107436
../../benches/sr19/old/007-sc2013.cnf 0 2 1999.96 310255 101012473 7228333 0 99599508
../../benches/sr19/old/008-80-8-sc2014.cnf 10 2 342.839 60268 26550879 1462316 0 20598678
../../benches/sr19/old/11pipe_11_ooo-sc2011.cnf 0 2 1998.32 153084 26086634 5040451 0 23835326
../../benches/sr19/old/20180322_164224543_p_cnf_320_1120-sc2018.cnf 10 2 243.311 53502 3224005 1596108 0 184555
../../benches/sr19/old/20180326_095804936_p_cnf_320_1120-sc2018.cnf 10 2 132.324 26534 1959221 1128099 0 207632
../../benches/sr19/old/24.4-sc2017.cnf 0 2 1999.94 311292 96156121 7474288 0 95213699
../../benches/sr19/old/289-unsat-21x14-sc2011.cnf 0 2 1999.95 366091 68206014 19771715 0 742184
../../benches/sr19/old/58bits_13.dimacs-sr2015.cnf 0 2 1999.98 130318 6826396 4307299 0 5604372
../../benches/sr19/old/6-4-6-sc2018.cnf 0 2 1999.85 214024 15634164 5270952 0 15625494
../../benches/sr19/old/62bits_14.dimacs-sr2015.cnf 0 2 1999.97 215978 8646997 5204060 0 8391175
../../benches/sr19/old/6s126-opt-sc2014.cnf 20 2 396.011 57455 18571423 3096189 0 18566692
../../benches/sr19/old/6s133-sc2014.cnf 20 2 61.5027 30822 1278586 779881 0 1191692
