../../benches/sr19/new/Chen/hcp_CP24_24.cnf 0 1 299.338 9928 5640011 109462 0 3421079
../../benches/sr19/new/Chen/hcp_CP26_26.cnf 0 1 298.911 4873 3506906 63148 0 3488950
../../benches/sr19/new/Chen/hcp_d14_14.cnf 0 1 299.96 81572 15167790 1600436 0 15071335
../../benches/sr19/new/Chen/hcp_d16_16.cnf 0 1 299.937 87989 20214152 1614076 0 18491051
../../benches/sr19/new/Chen/hcp_d18_18.cnf 0 1 299.937 100934 28066920 1770098 0 27770552
../../benches/sr19/new/Chen/hcp_d20_20.cnf 0 1 299.883 101998 32953160 1706037 0 31682026
../../benches/sr19/new/Chen/hcp_d22_22.cnf 0 1 299.853 100799 37216617 1618261 0 34879619
../../benches/sr19/new/Chen/hcp_d24_24.cnf 0 1 299.789 95159 39198146 1489328 0 35629215
../../benches/sr19/new/Heule/MM-22.cnf 0 1 299.975 109435 24098270 1770094 0 2681666
../../benches/sr19/new/Heule/MM-23-2-2-2-2-3.cnf 0 1 299.94 122134 23881279 2211108 0 2157756
../../benches/sr19/new/Heule/MM-23-2-2-2-2-A.cnf 0 1 299.966 130397 25352460 2211111 0 2131626
../../benches/sr19/new/Heule/MM-23-2-2-2-2-B.cnf 0 1 299.918 127577 24836837 2228751 0 2312128
../../benches/sr19/new/Heule/MM-23-2-2-2-2-C.cnf 0 1 299.935 118053 23787951 2356947 0 2144029
../../benches/sr19/new/Heule/MM-23-2-2-2-2-D.cnf 0 1 299.942 115743 23502468 2350088 0 2282548
../../benches/sr19/new/Heule/MM-23-2-2-2-2-M.cnf 0 1 299.943 118726 24094809 2377201 0 2278815
../../benches/sr19/new/Heule/MM-23-2-2-2-3-4.cnf 0 1 299.942 124107 23983011 2271618 0 2160230
../../benches/sr19/new/Heule/MM-23-2-2-2-4-A.cnf 0 1 299.937 126944 25007699 2569199 0 2216408
../../benches/sr19/new/Heule/MM-23-2-2-2-4-B.cnf 0 1 299.933 124828 24695476 2403637 0 2174673
../../benches/sr19/new/Heule/MM-23-2-2-3-A.cnf 0 1 299.934 112780 23537467 2539643 0 2239247
../../benches/sr19/new/Heule/MM-23-2-2-3-B.cnf 0 1 299.931 112153 23236079 2592611 0 2092521
