../../benches/sr19/new/Chen/hcp_CP24_24.cnf 0 2 1999.36 45475 27941787 1222934 0 26983719
../../benches/sr19/new/Chen/hcp_CP26_26.cnf 0 2 1998.92 35624 23665158 508544 0 22234064
../../benches/sr19/new/Chen/hcp_d14_14.cnf 0 2 1999.92 230169 47153763 6782055 0 46004840
../../benches/sr19/new/Chen/hcp_d16_16.cnf 0 2 1999.92 278614 68740510 7157765 0 68688548
../../benches/sr19/new/Chen/hcp_d18_18.cnf 0 2 1999.94 312085 91706540 7505886 0 89272416
../../benches/sr19/new/Chen/hcp_d20_20.cnf 0 2 1999.92 325316 111422924 7468446 0 106852500
../../benches/sr19/new/Chen/hcp_d22_22.cnf 0 2 1999.89 352869 138748036 7748139 0 135711417
../../benches/sr19/new/Chen/hcp_d24_24.cnf 0 2 1999.87 335941 149667826 7448870 0 144351665
../../benches/sr19/new/Heule/MM-22.cnf 0 2 1999.88 480513 109836063 10572280 0 1890705
../../benches/sr19/new/Heule/MM-23-2-2-2-2-3.cnf 0 2 1999.9 425516 88262673 10635424 0 1946852
../../benches/sr19/new/Heule/MM-23-2-2-2-2-A.cnf 0 2 1999.9 444667 93368563 11187728 0 1765773
../../benches/sr19/new/Heule/MM-23-2-2-2-2-B.cnf 0 2 1999.79 434916 93633168 12694810 0 1749189
../../benches/sr19/new/Heule/MM-23-2-2-2-2-C.cnf 0 2 1999.9 431004 91832841 11544648 0 1813497
../../benches/sr19/new/Heule/MM-23-2-2-2-2-D.cnf 0 2 1999.9 393862 86622058 11828137 0 1717155
../../benches/sr19/new/Heule/MM-23-2-2-2-2-M.cnf 0 2 1999.9 416750 90112620 11607700 0 1747323
../../benches/sr19/new/Heule/MM-23-2-2-2-3-4.cnf 0 2 1999.93 428446 88332567 11390043 0 1676433
../../benches/sr19/new/Heule/MM-23-2-2-2-4-A.cnf 0 2 1999.69 422370 90912999 13114038 0 1839547
../../benches/sr19/new/Heule/MM-23-2-2-2-4-B.cnf 0 2 1999.81 417374 90544810 13120110 0 1720982
../../benches/sr19/new/Heule/MM-23-2-2-3-A.cnf 0 2 1999.77 386145 88829553 14434636 0 1884814
../../benches/sr19/new/Heule/MM-23-2-2-3-B.cnf 0 2 1999.76 375806 84889691 12746826 0 1659562
