../../benches/sr19/new/Bebel/toughsat_25bits_1.cnf 0 1 299.978 80249 2582397 1456823 0 2384728
../../benches/sr19/new/Bebel/toughsat_25bits_3.cnf 0 1 299.988 66024 2234077 1292322 0 2019525
../../benches/sr19/new/Bebel/toughsat_26bits_0.cnf 0 1 299.979 71116 2284215 1407338 0 1445565
../../benches/sr19/new/Bebel/toughsat_26bits_1.cnf 0 1 299.976 74248 2350853 1446318 0 1838343
../../benches/sr19/new/Bebel/toughsat_26bits_2.cnf 0 1 299.987 76525 2520813 1493928 0 2307596
../../benches/sr19/new/Bebel/toughsat_26bits_3.cnf 0 1 299.983 72963 2338755 1385731 0 2259488
../../benches/sr19/new/Bebel/toughsat_27bits_0.cnf 0 1 299.985 73316 2420703 1449035 0 2164996
../../benches/sr19/new/Bebel/toughsat_28bits_0.cnf 0 1 299.98 81620 2779756 1503440 0 2737035
../../benches/sr19/new/Bebel/toughsat_29bits_0.cnf 0 1 299.984 102297 4174094 1807653 0 3718387
../../benches/sr19/new/Bebel/toughsat_30bits_0.cnf 0 1 300.014 88525 2951079 1628548 0 2951079
../../benches/sr19/new/Biere/cruxmiter29seed4.cnf 0 1 299.995 134178 6594874 4341533 0 5855467
../../benches/sr19/new/Biere/cruxmiter29seed9.cnf 0 1 299.996 126335 5784547 4012110 0 1679454
../../benches/sr19/new/Biere/cruxmiter32seed4.cnf 0 1 299.994 120993 6238749 3778977 0 5019348
../../benches/sr19/new/Biere/eq2csparrc162cbpwtcl16.cnf 0 1 299.992 58825 2944391 1361809 0 2241823
../../benches/sr19/new/Biere/eqbparrc12spctbk12.cnf 0 1 299.994 85910 2666037 1578491 0 2596170
../../benches/sr19/new/Biere/eqbparrc14spwtcl14.cnf 0 1 299.984 63087 2888530 1449378 0 2631341
../../benches/sr19/new/Biere/eqbparrc18spwtrc18.cnf 0 1 299.987 45664 2977737 1250144 0 2542947
../../benches/sr19/new/Biere/eqbpdtlf12bparrc12.cnf 0 1 299.989 100076 3175989 1746695 0 3000921
../../benches/sr19/new/Biere/eqbpdtlf14bpwtcl14.cnf 0 1 299.991 74840 2866696 1571074 0 2691878
../../benches/sr19/new/Biere/eqbpdtlf14spctbk14.cnf 0 1 299.993 73316 2721882 1559510 0 2507843
../../benches/sr19/old/6s139-sc2013.cnf 0 1 299.239 7654 110104036 298836 0 82122545
../../benches/sr19/old/6s20-sc2013.cnf 0 1 299.918 76504 4814686 1513438 0 4603178
../../benches/sr19/old/9_50-sc2017.cnf 0 1 299.929 108533 5760783 2743997 0 5463608
../../benches/sr19/old/9dlx_vliw_at_b_iq8-sc2007.cnf 0 1 297.066 4902 3466576 153042 0 3291640
../../benches/sr19/old/9pipe_k-sc2012.cnf 0 1 299.351 23619 2750906 528094 0 2692215
../../benches/sr19/old/aaai10-planning-ipc5-pathways-17-step21-sc2011.cnf 0 1 299.826 47015 2973235 1350392 0 2894973
../../benches/sr19/old/aaai10-planning-ipc5-TPP-21-step11-sc2011.cnf 0 1 299.922 13931 1156148 450762 0 1156148
../../benches/sr19/old/ACG-20-10p1-sc2009.cnf 0 1 298.789 8864 898132 130092 0 687043
../../benches/sr19/old/ae_rphp095_04-sc2018.cnf 0 1 300.003 201218 131747202 11388665 0 104012780
../../benches/sr19/old/aes_24_4_keyfind_5-sc2014.cnf 0 1 299.996 70615 1931324 1370891 0 1348657
../../benches/sr19/old/aes_32_3_keyfind_1-sc2011.cnf 0 1 299.997 121475 4164738 2412478 0 2918033
../../benches/sr19/old/aes_equiv_encry_3_rounds.debugged-sc2012.cnf 0 1 298.684 59503 11246575 1303019 0 10147173
../../benches/sr19/old/ak128astepbg2msaig-sc2016.cnf 0 1 299.354 7640 1301012 233064 0 1255583
../../benches/sr19/old/ak128modasbg2asisc-sc2016.cnf 0 1 299.561 8224 1286282 236581 0 1169910
../../benches/sr19/old/apn-sbox6-cut4-helpbox31-sc2018.cnf 0 1 299.554 52792 3110663 1703485 0 2843453
../../benches/sr19/old/AProVE07-26-sc2007.cnf 0 1 299.961 127697 9993411 1985601 0 9589563
../../benches/sr19/old/atco_enc1_opt2_20_12-sc2014.cnf 0 1 297.127 11461 535157 298640 0 401739
../../benches/sr19/old/atco_enc3_opt2_10_12-sc2014.cnf 0 1 297.156 2589 129678 29252 0 111206
../../benches/sr19/old/b_unsat-sc2013.cnf 0 1 299.416 12593 510229 314342 0 438019
../../benches/sr19/old/b04_s_2_unknown_pre-sc2013.cnf 0 1 299.52 11436 1184668 358751 0 1104462
../../benches/sr19/old/blockpuzzle_5x10_s3_free4-sc2017.cnf 0 1 299.92 182779 11534499 6063930 0 11080060
../../benches/sr19/old/blocks-blocks-36-0.120-NOTKNOWN-sc2011.cnf 0 1 297.199 2743 1436045 143393 0 1289154
../../benches/sr19/old/blocks-blocks-37-1.130-NOTKNOWN-sc2011.cnf 0 1 295.7 1982 1305193 118786 0 933934
../../benches/sr19/old/bob12s06-sc2013.cnf 0 1 299.273 5612 158058856 297893 0 74468205
../../benches/sr19/old/c6288mul.miter.shuffled-as.sat03-346-sc2002.cnf 0 1 299.964 88804 7077914 1476417 0 6539147
../../benches/sr19/old/connm-ue-csp-sat-n800-d0.02-s111845174.used-as.sat04-958-sc2011.cnf 0 1 299.984 83489 2655797 1961160 0 626230
../../benches/sr19/old/countbitsrotate032-sc2009.cnf 0 1 299.991 4803 673303 670401 0 372395
../../benches/sr19/old/countbitssrl032-sc2009.cnf 0 1 299.973 52043 2511401 1279157 0 2489193
../../benches/sr19/old/countbitswegner128-sc2011.cnf 0 1 299.866 57113 4193356 1419745 0 4084295
../../benches/sr19/old/course0.2_2018_3-sc2018.cnf 0 1 298.715 8632 1636801 210031 0 1589091
../../benches/sr19/old/ctl_4291_567_2_unsat_pre-sc2013.cnf 0 1 299.93 69796 2387829 1654716 0 2168198
../../benches/sr19/old/ctl_4291_567_2_unsat-sc2013.cnf 0 1 299.915 64534 2289290 1585126 0 2277213
../../benches/sr19/old/ctl_4291_567_5_unsat_pre-sc2014.cnf 0 1 299.933 82753 2568010 1803405 0 2253152
../../benches/sr19/old/custmulsb2x32o-sc2016.cnf 0 1 299.993 84077 1783568 1608436 0 1749549
../../benches/sr19/old/custmulun16x16o-sc2016.cnf 0 1 299.994 79966 3425275 1764947 0 3172245
../../benches/sr19/old/e_rphp035_05-sc2018.cnf 0 1 299.994 274409 37143500 10106967 0 36378484
../../benches/sr19/old/ecarev-110-1031-23-40-8-sc2018.cnf 0 1 300.102 116420 5325252 2175721 0 5325252
../../benches/sr19/old/edges-024-4-5613555-1-00-sc2014.cnf 0 1 299.994 205927 6435252 5090326 0 178772
../../benches/sr19/old/EDP3-70000-sc2014.cnf 0 1 296.254 6604 2690941 132697 0 2611046
../../benches/sr19/old/ex051_9-sc2018.cnf 0 1 299.793 99104 5480300 1998519 0 4859669
../../benches/sr19/old/ex145_11-sc2018.cnf 0 1 299.878 114900 7090323 2172289 0 6971762
../../benches/sr19/old/ex175_17-sc2018.cnf 0 1 287.342 4706 316804 97339 0 261094
../../benches/sr19/old/ex175_18-sc2018.cnf 0 1 289.436 4230 336325 105005 0 254424
../../benches/sr19/old/f10nidw-sc2012.cnf 0 1 298.43 31825 7471180 765022 0 7184825
../../benches/sr19/old/frb59-26-1.used-as.sat04-891-sc2011.cnf 0 1 299.95 50649 5646195 3873093 0 807283
../../benches/sr19/old/gss-33-s100-sc2009.cnf 0 1 299.946 3431 287003 280911 0 239152
../../benches/sr19/old/gto_p60c238-sc2018.cnf 0 1 299.995 252530 7829390 6642633 0 7533126
../../benches/sr19/old/gus-md5-14-sc2009.cnf 0 1 299.896 2557 170947 125000 0 153234
../../benches/sr19/old/hwb-n26-01-S1957858365.shuffled-as.sat03-1622-sc2002.cnf 0 1 299.983 113802 5201393 4020366 0 3435149
../../benches/sr19/old/hwb-n26-03-S540351185.sat05-490.reshuffled-07-sc2007.cnf 0 1 299.994 121141 5000472 3576177 0 4286623
../../benches/sr19/old/hwmcc10-timeframe-expansion-k45-pdtpmspalu-tseitin-sc2011.cnf 0 1 299.873 116689 14338122 1712999 0 13555125
../../benches/sr19/old/hwmcc15deep-6s516r-k18-sc2017.cnf 0 1 299.929 102340 37626434 3096694 0 36760220
../../benches/sr19/old/hwmcc15deep-oski15a10b10s-k22-sc2017.cnf 0 1 299.126 48089 8737391 689691 0 8545603
../../benches/sr19/old/IBM_FV_20002_31_1_rule_1_SAT_dat.k95-sc2007.cnf 0 1 299.756 64366 6602170 1431106 0 6147781
../../benches/sr19/old/IBM_FV_2004_rule_batch_2_31_2_SAT_dat.k45.debugged-sc2012.cnf 0 1 299.888 67997 4596865 1252439 0 4185551
../../benches/sr19/old/jgiraldezlevy.2200.9086.08.40.149-sr2015.cnf 0 1 299.994 81361 3837575 1541118 0 3704701
../../benches/sr19/old/k_unsat-sc2013.cnf 0 1 299.954 54309 2448936 1299935 0 2385871
../../benches/sr19/old/LABS_n066_goal005-sc2013.cnf 0 1 299.839 6599 663453 254745 0 618463
../../benches/sr19/old/LABS_n071_goal001-sc2013.cnf 0 1 299.806 7649 449393 229115 0 438193
../../benches/sr19/old/LABS_n087_goal008-sc2013.cnf 0 1 299.482 5785 598468 95665 0 451132
../../benches/sr19/old/LABS_n089_goal008-sc2013.cnf 0 1 299.435 4889 496632 75289 0 304144
../../benches/sr19/old/le450_15b.col.15-sc2018.cnf 0 1 299.973 113644 6801873 5995217 0 276783
../../benches/sr19/old/li-exam-63.shuffled-as.sat03-368-sc2002.cnf 0 1 299.92 47006 12791121 727139 0 12652810
../../benches/sr19/old/li-test4-99.shuffled-as.sat03-377-sc2002.cnf 0 1 299.879 39790 21369264 392558 0 18939467
../../benches/sr19/old/manthey_single-ordered-initialized-w50-b7-sr2015.cnf 0 1 299.98 44844 2474097 1431125 0 2290832
../../benches/sr19/old/MD5-29-4-sc2014.cnf 0 1 299.968 87600 32528381 1392074 0 31172711
../../benches/sr19/old/MD5-29-5-sc2014.cnf 0 1 299.968 90673 33677150 1423541 0 28605787
../../benches/sr19/old/minxorminand128-sc2009.cnf 0 1 299.763 43361 12929390 1370571 0 12241040
../../benches/sr19/old/mod2c-3cage-unsat-10-2.sat05-2567.reshuffled-07-sc2007.cnf 0 1 299.998 303236 12791355 9715623 0 21821
../../benches/sr19/old/mod2c-3cage-unsat-10-3.sat05-2568.reshuffled-07-sc2007.cnf 0 1 300.002 290672 12780034 9412639 0 17780
../../benches/sr19/old/mod4block_2vars_10gates_u2_autoenc-sc2009.cnf 0 1 299.93 162806 7802444 2002477 0 4751588
../../benches/sr19/old/mulhs016-sc2009.cnf 0 1 299.993 65222 3212921 1477430 0 2827603
../../benches/sr19/old/MUS-v310-4-sc2013.cnf 0 1 299.996 102480 4100179 2215663 0 62030
../../benches/sr19/old/Nb51T6-sc2018.cnf 0 1 292.333 447 285445 9648 0 275538
../../benches/sr19/old/ndhf_xits_16_UNKNOWN-sc2009.cnf 0 1 299.858 70157 2937902 2435946 0 997045
../../benches/sr19/old/newton.2.3.i.smt2-cvc4-sc2016.cnf 0 1 299.353 8012 416691 166402 0 383302
../../benches/sr19/old/par32-1-c.shuffled-as.sat03-1531-sc2002.cnf 0 1 299.995 108071 4885110 3015345 0 4147803
../../benches/sr19/old/partial-10-11-s-sc2007.cnf 0 1 299.514 33976 3390118 574290 0 3315902
../../benches/sr19/old/partial-10-11-u-sc2007.cnf 0 1 299.514 27214 2667354 630533 0 2616521
../../benches/sr19/old/partial-5-11-u-sc2007.cnf 0 1 299.588 26190 2783114 1057008 0 2562527
../../benches/sr19/old/partial-5-17-s-sc2007.cnf 0 1 299.376 28303 3168869 445846 0 3168859
../../benches/sr19/old/partial-5-19-u-sc2007.cnf 0 1 299.232 25294 3211105 390033 0 3113481
../../benches/sr19/old/ps_5000_21250_3_0_0.7_0_1.45_4-sc2017.cnf 0 1 299.989 86112 6333855 2249736 0 6103
../../benches/sr19/old/ps_5000_21250_3_0_0.8_0_1.55_2-sc2017.cnf 0 1 299.956 93432 4788897 2841269 0 4107777
../../benches/sr19/old/rbcl_xits_11_UNKNOWN-sc2009.cnf 0 1 299.965 83091 4109114 3255307 0 630482
../../benches/sr19/old/rbcl_xits_13_UNKNOWN-sc2009.cnf 0 1 299.953 78932 3843305 2952734 0 908128
../../benches/sr19/old/rbsat-v2100c215164g4-sc2011.cnf 0 1 299.929 37987 5217432 3530473 0 787067
../../benches/sr19/old/rbsat-v2400c266431g5-sc2009.cnf 0 1 299.914 27181 4797295 3541217 0 395530
../../benches/sr19/old/rphp5_100_shuffled-sc2016.cnf 0 1 299.979 136305 172564086 9685072 0 3016583
../../benches/sr19/old/rpoc_xits_11_UNKNOWN-sc2009.cnf 0 1 299.975 88997 3826878 3081167 0 874919
../../benches/sr19/old/rpoc_xits_12_UNKNOWN-sc2009.cnf 0 1 299.965 76635 3580962 3081170 0 859287
../../benches/sr19/old/rubikcube701-sc2017.cnf 0 1 299.976 74966 2962143 1455118 0 2720267
../../benches/sr19/old/rubikcube912-sc2017.cnf 0 1 299.973 65513 2812455 1330559 0 2220110
../../benches/sr19/old/safe-30-h29-unsat-sc2007.cnf 0 1 299.786 116584 9850487 2858401 0 9839404
../../benches/sr19/old/SAT_dat.k100-sc2012.cnf 0 1 299.288 38445 2952498 1032273 0 2835737
../../benches/sr19/old/SAT_dat.k85-sc2013.cnf 0 1 296.676 9510 1187240 210034 0 1155516
../../benches/sr19/old/Schur_160_5_d38-sc2016.cnf 0 1 299.988 98211 6075766 3496439 0 407045
../../benches/sr19/old/Schur_161_5_d22-sc2016.cnf 0 1 299.987 78771 5981199 3562731 0 375307
../../benches/sr19/old/sgen1-sat-180-100-sc2009.cnf 0 1 299.994 87586 5124645 3623399 0 43161
../../benches/sr19/old/sgen1-unsat-109-100-sc2009.cnf 0 1 299.998 180149 7089745 4777718 0 219996
../../benches/sr19/old/SGI_30_60_28_40_2-dir.shuffled-as.sat03-124-sc2002.cnf 0 1 299.975 127065 7136313 5860988 0 455768
../../benches/sr19/old/sha2.shuffled-as.sat03-442-sc2002.cnf 0 1 299.81 9524 1346225 204461 0 1328627
../../benches/sr19/old/sin.c.75.smt2-cvc4-sc2016.cnf 0 1 271.303 161 30850 5000 0 22616
../../benches/sr19/old/slp-synthesis-aes-bottom18-sc2011.cnf 0 1 299.946 75181 5092922 1514052 0 4997299
../../benches/sr19/old/slp-synthesis-aes-bottom22-sc2011.cnf 0 1 299.918 58035 4892606 1318780 0 4373944
../../benches/sr19/old/slp-synthesis-aes-bottom26-sc2011.cnf 0 1 299.873 53574 5007952 1252577 0 4545360
../../benches/sr19/old/slp-synthesis-aes-top21-sc2011.cnf 0 1 299.928 111349 4998495 1912923 0 4382839
../../benches/sr19/old/smtlib-qfbv-aigs-countbits128-tseitin-sc2011.cnf 0 1 299.898 48047 3849391 1275124 0 3665309
../../benches/sr19/old/snw_13_8_pre-sc2016.cnf 0 1 299.811 21403 939695 406060 0 827122
../../benches/sr19/old/snw_16_8_nopre-sc2016.cnf 0 1 298.034 2361 313865 100566 0 197988
../../benches/sr19/old/snw_16_8_pre-sc2016.cnf 0 1 298.691 5823 363947 104813 0 186737
../../benches/sr19/old/sokoban-p16.sas.ex.15-sc2016.cnf 0 1 293.326 3407 2117259 225081 0 1947472
../../benches/sr19/old/sokoban-p16.sas.ex.19-sc2016.cnf 0 1 291.488 3271 2243195 193106 0 2243195
../../benches/sr19/old/sokoban-p16.sas.ex.21-sc2016.cnf 0 1 290.365 2886 2050993 153149 0 1968122
../../benches/sr19/old/sokoban-p16.sas.ex.23-sc2016.cnf 0 1 289.353 2210 1837643 143379 0 1778442
../../benches/sr19/old/sokoban-p20.sas.cr.35-sc2016.cnf 0 1 299.72 4506 2009986 277019 0 2009986
../../benches/sr19/old/sokoban-p20.sas.ex.15-sc2016.cnf 0 1 293.189 3145 2387054 241663 0 2167300
../../benches/sr19/old/sokoban-p20.sas.ex.17-sc2016.cnf 0 1 292.195 3847 2588409 188691 0 2328434
../../benches/sr19/old/sokoban-p20.sas.ex.23-sc2016.cnf 0 1 291.345 2905 2581480 133209 0 2581480
../../benches/sr19/old/squ_any_s09x07_c27_abio_UNS-sc2017.cnf 0 1 299.988 103463 4954424 3597573 0 3228029
../../benches/sr19/old/srhd-sgi-m62-q1504.5-n60-p30-s88600538-sc2011.cnf 0 1 299.726 49719 3858764 3337988 0 401300
../../benches/sr19/old/stable-400-0.1-4-9876543214004-sc2014.cnf 0 1 299.96 71136 5953594 4766345 0 4903897
../../benches/sr19/old/sted1_0x0-380-sc2018.cnf 0 1 299.849 45767 3469104 1097561 0 3032456
../../benches/sr19/old/stone-width3chain-nmarkers-20_shuffled-sc2016.cnf 0 1 292.458 5890 4644143 275015 0 4273194
../../benches/sr19/old/T103.2.1-sc2017.cnf 0 1 291.361 1528 155965 56160 0 142408
../../benches/sr19/old/T169.1.0-sc2017.cnf 0 1 295.746 7398 27452865 90530 0 10361460
../../benches/sr19/old/test_v7_r12_vr10_c1_s18160.smt2-stp212-sc2016.cnf 0 1 299.297 38365 3464339 736342 0 3345315
../../benches/sr19/old/TimetableCNFEncoding_5_UNKNOWN-sc2018.cnf 0 1 298.986 29895 66820725 455297 0 57012061
../../benches/sr19/old/total-10-15-u-sc2007.cnf 0 1 299.2 49315 2953560 1364361 0 2794554
../../benches/sr19/old/tseitingrid7x160_shuffled-sc2016.cnf 0 1 299.992 389082 126080088 15268409 0 675959
../../benches/sr19/old/UCG-20-10p1-sc2009.cnf 0 1 298.947 9410 1046463 267452 0 924487
../../benches/sr19/old/uniqinv47prop-sc2018.cnf 0 1 300.001 41343 4452815 1368073 0 3906528
../../benches/sr19/old/unsat-set-a-fclqcolor-20-13-14.sat05-1278.reshuffled-07-sc2007.cnf 0 1 299.982 116887 25035420 9417966 0 577553
../../benches/sr19/old/UR-20-5p1-sc2009.cnf 0 1 299.062 20706 1694531 378736 0 1468809
../../benches/sr19/old/UTI-20-10p0-sc2009.cnf 0 1 298.975 25585 2140869 445638 0 1947910
../../benches/sr19/old/UTI-20-10p1-sc2009.cnf 0 1 298.941 26800 2354152 455384 0 2096223
../../benches/sr19/old/UTI-20-5p0-sc2009.cnf 0 1 299.248 33800 3126928 700486 0 3126919
../../benches/sr19/old/vmpc_31-sc2007.cnf 0 1 299.938 72217 4806002 2354320 0 4044132
../../benches/sr19/old/vmpc_34.shuffled-as.sat05-1958-sc2005.cnf 0 1 299.927 70984 4846899 2255760 0 3731408
../../benches/sr19/old/vmpc_36.renamed-as.sat05-1922-sc2005.cnf 0 1 299.925 69630 4829190 2204704 0 4728412
../../benches/sr19/old/x2_128.shuffled-as.sat03-1598-sc2002.cnf 0 1 299.995 351683 22800784 7020432 0 181995
../../benches/sr19/new/Biere/eqbpdtlf14spdtlf14.cnf 0 1 299.991 78920 2682091 1542059 0 2561057
../../benches/sr19/new/Biere/eqbpdtlf16spdtlf16.cnf 0 1 299.991 68963 2979737 1476511 0 2841267
../../benches/sr19/new/Biere/eqbpdtlf18sparcl18.cnf 0 1 299.99 63234 2558357 1458584 0 1824896
../../benches/sr19/new/Biere/eqbpwtcl10spwtcl10.cnf 0 1 299.958 111288 3091370 1945481 0 3043967
../../benches/sr19/new/Biere/eqbpwtrc10spctbk10.cnf 0 1 299.996 98005 2706082 1896814 0 2562714
../../benches/sr19/new/Biere/eqsparcl12bpwtrc12.cnf 0 1 299.975 95516 2938591 1712361 0 2697240
../../benches/sr19/new/Biere/eqsparrc12bpdtlf12.cnf 0 1 299.992 112957 3190671 1797565 0 3074754
../../benches/sr19/new/Biere/eqsparrc14spctbk14.cnf 0 1 299.993 86000 2978224 1632733 0 2657062
../../benches/sr19/new/Biere/eqsparrc16spwtcl16.cnf 0 1 299.991 77078 2712110 1547810 0 2577194
../../benches/sr19/new/Biere/eqspctbk12bpwtrc12.cnf 0 1 299.995 96109 2787503 1646518 0 2617037
../../benches/sr19/new/Biere/eqspctbk14sparcl14.cnf 0 1 299.991 91269 2765475 1676277 0 2515472
../../benches/sr19/new/Biere/eqspctbk14spwtcl14.cnf 0 1 299.992 79474 2866771 1599106 0 2550843
../../benches/sr19/new/Biere/eqspdtlf14bpwtrc14.cnf 0 1 299.993 78120 2875039 1517402 0 2454607
../../benches/sr19/new/Biere/eqspwtcl14bpwtcl14.cnf 0 1 299.998 57240 2644735 1431109 0 2411726
../../benches/sr19/new/Biere/eqspwtrc16bparrc16.cnf 0 1 299.988 59231 2692223 1416831 0 2555315
../../benches/sr19/new/Chen/hcp_bij16_16.cnf 0 1 294.576 2343 4003000 221546 0 3382202
../../benches/sr19/new/Chen/hcp_CP16_16.cnf 0 1 299.868 32508 9719226 698012 0 9655070
../../benches/sr19/new/Chen/hcp_CP18_18.cnf 0 1 299.782 27031 9456929 419130 0 8957912
../../benches/sr19/new/Chen/hcp_CP20_20.cnf 0 1 299.683 20354 8451789 347083 0 8103241
../../benches/sr19/new/Chen/hcp_CP22_22.cnf 0 1 299.507 10160 5276063 255992 0 5181112
../../benches/sr19/new/Chen/hcp_CP24_24.cnf 0 1 299.351 9715 5526407 108027 0 3421079
../../benches/sr19/new/Chen/hcp_CP26_26.cnf 0 1 298.965 5317 3790547 66800 0 3488950
../../benches/sr19/new/Chen/hcp_d14_14.cnf 0 1 299.961 82926 15421899 1622452 0 15071335
../../benches/sr19/new/Chen/hcp_d16_16.cnf 0 1 299.937 87002 19986054 1596620 0 18491051
../../benches/sr19/new/Chen/hcp_d18_18.cnf 0 1 299.914 97328 27050139 1712964 0 24686284
../../benches/sr19/new/Chen/hcp_d20_20.cnf 0 1 299.883 100064 32305148 1679563 0 31682026
../../benches/sr19/new/Chen/hcp_d22_22.cnf 0 1 299.855 101150 37349762 1623017 0 34879619
../../benches/sr19/new/Chen/hcp_d24_24.cnf 0 1 299.784 93416 38465168 1464800 0 35629215
../../benches/sr19/new/Heule/MM-22.cnf 0 1 299.947 112815 24831223 1808630 0 2681666
../../benches/sr19/new/Heule/MM-23-2-2-2-2-3.cnf 0 1 299.939 122127 23817357 2157345 0 2157756
../../benches/sr19/new/Heule/MM-23-2-2-2-2-A.cnf 0 1 299.937 130397 25343918 2203567 0 2131626
../../benches/sr19/new/Heule/MM-23-2-2-2-2-B.cnf 0 1 299.939 127576 24806252 2201780 0 2312128
../../benches/sr19/new/Heule/MM-23-2-2-2-2-C.cnf 0 1 299.94 118052 23662043 2248199 0 2144029
../../benches/sr19/new/Heule/MM-23-2-2-2-2-D.cnf 0 1 299.938 115743 23556341 2398623 0 2282548
../../benches/sr19/new/Heule/MM-23-2-2-2-2-M.cnf 0 1 299.939 118726 24107052 2388016 0 2278815
../../benches/sr19/new/Heule/MM-23-2-2-2-3-4.cnf 0 1 299.942 124108 24081387 2355017 0 2160230
../../benches/sr19/new/Heule/MM-23-2-2-2-4-A.cnf 0 1 299.944 126946 25050739 2603834 0 2216408
../../benches/sr19/new/Heule/MM-23-2-2-2-4-B.cnf 0 1 299.945 124828 24707675 2414010 0 2174673
../../benches/sr19/new/Heule/MM-23-2-2-3-A.cnf 0 1 299.933 112759 23451530 2473321 0 2239247
../../benches/sr19/new/Heule/MM-23-2-2-3-B.cnf 0 1 299.931 112153 23241436 2597425 0 2092521
../../benches/sr19/new/Heule/MM-23-2-4-A.cnf 0 1 299.938 122783 24394782 2254856 0 2249682
../../benches/sr19/new/Heule/MM-23-2-4-B.cnf 0 1 299.942 127491 25219763 2255817 0 2214599
../../benches/sr19/new/Heule/MM-23-3-3-A.cnf 0 1 299.937 125002 24701353 2271199 0 2360558
../../benches/sr19/new/Heule/MM-23-3-3-B.cnf 0 1 299.939 116605 23702610 2326549 0 1980997
../../benches/sr19/new/Heule/MM-23-3-3-M.cnf 0 1 299.939 118883 24003474 2239085 0 2207274
../../benches/sr19/new/Heule/MM-23-3-3-N.cnf 0 1 299.94 125297 24815812 2202455 0 2272701
../../benches/sr19/new/Heule/MM-23-4-4-4-4-1.cnf 0 1 299.939 119512 22785155 2060576 0 2087949
../../benches/sr19/new/Heule/MM-23-5-A.cnf 0 1 299.94 126355 24914742 2107031 0 2298649
../../benches/sr19/new/Heule/MM-23-5-B.cnf 0 1 299.964 129670 25363983 2211110 0 2199994
../../benches/sr19/new/Heule/MM-23-no-type3.cnf 0 1 299.946 118712 27089449 1747056 0 26306340
../../benches/sr19/new/Manthey/sv-comp19_prop-reachsafety.barrier_3t_true-unreach-call.i-witness.cnf 0 1 246.751 136 3189202 2875 0 0
../../benches/sr19/new/Manthey/sv-comp19_prop-reachsafety.fib_bench_longest_false-unreach-call.i-witness.cnf 0 1 299.923 51177 6670015 1584128 0 6102905
../../benches/sr19/new/Manthey/sv-comp19_prop-reachsafety.newton_2_3_true-unreach-call_true-termination.i-witness.cnf 0 1 299.836 9408 332367 135060 0 302817
../../benches/sr19/new/Manthey/sv-comp19_prop-reachsafety.queue_longer_false-unreach-call.i-witness.cnf 0 1 268.305 199 40276 4585 0 40276
../../benches/sr19/new/Manthey/sv-comp19_prop-reachsafety.sigma_false-unreach-call.i-witness.cnf 0 1 296.293 4758 1978842 97205 0 1105117
../../benches/sr19/new/Manthey/sv-comp19_prop-reachsafety.triangular-longer_false-unreach-call.i-witness.cnf 0 1 299.953 73218 8700081 2660463 0 6457401
../../benches/sr19/new/Savicky/size_4_4_4_i0566_r8.cnf 0 1 299.995 109193 4901528 3121155 0 3211653
../../benches/sr19/new/Savicky/size_4_4_4_i2704_r8.cnf 0 1 299.996 112931 4735495 2996042 0 4362358
../../benches/sr19/new/Savicky/size_4_4_4_i3499_r8.cnf 0 1 299.995 110817 5021733 3303423 0 4018375
../../benches/sr19/new/Savicky/size_4_4_4_i4828_r8.cnf 0 1 299.993 108063 4949019 3200384 0 4896606
../../benches/sr19/new/Savicky/size_5_5_5_i116_r12.cnf 0 1 299.993 124255 8334766 2985666 0 4349114
../../benches/sr19/new/Savicky/size_5_5_5_i171_r12.cnf 0 1 299.993 126782 8301613 3072462 0 7684510
../../benches/sr19/new/Savicky/size_5_5_5_i198_r12.cnf 0 1 299.989 131405 8657681 2886665 0 7671830
../../benches/sr19/new/Savicky/size_5_5_5_i223_r12.cnf 0 1 299.993 135235 8951295 2851262 0 6122235
../../benches/sr19/new/Savicky/size_5_5_5_i235_r12.cnf 0 1 299.993 125457 8415749 2955300 0 5673021
../../benches/sr19/new/Savicky/size_5_5_5_i251_r12.cnf 0 1 299.996 117266 7682763 3321501 0 6797175
../../benches/sr19/new/Savicky/size_5_5_5_i260_r12.cnf 0 1 299.993 120883 7855795 3228452 0 7298271
../../benches/sr19/new/Savicky/size_5_5_5_i272_r12.cnf 0 1 299.994 125467 8106481 2676478 0 3472296
../../benches/sr19/new/Skladanivskyy/sha1r17m145ABCD.cnf 0 1 299.964 66407 2982294 1359803 0 2655665
../../benches/sr19/new/Skladanivskyy/sha1r17m146ABCD_p.cnf 0 1 299.993 69871 3087068 1362578 0 2641376
../../benches/sr19/new/Skladanivskyy/sha1r17m146ABCD.cnf 0 1 299.991 71576 3167812 1389365 0 2792399
../../benches/sr19/new/Skladanivskyy/sha1r17m147ABCD_p.cnf 0 1 299.99 81855 3568330 1554858 0 3435511
../../benches/sr19/new/Skladanivskyy/sha1r17m147ABCD.cnf 0 1 299.988 66623 3025087 1371892 0 2162719
../../benches/sr19/new/Skladanivskyy/sha1r17m148ABCD_p.cnf 0 1 299.992 65301 3007552 1349707 0 2674851
../../benches/sr19/new/Skladanivskyy/sha1r17m148ABCD.cnf 0 1 299.99 80025 3531093 1538795 0 2867292
../../benches/sr19/new/Skladanivskyy/sha1r17m149ABCD_p.cnf 0 1 299.981 65785 2967988 1337500 0 2750609
../../benches/sr19/new/Skladanivskyy/sha1r17m149ABCD.cnf 0 1 299.99 66071 2996663 1336614 0 2788248
../../benches/sr19/new/Skladanivskyy/sha1r17m63a_p.cnf 0 1 299.99 92974 3758747 1699881 0 3710349
../../benches/sr19/new/Skladanivskyy/sha1r17m66a.cnf 0 1 299.989 84264 3416103 1603767 0 2478120
../../benches/sr19/new/Skladanivskyy/sha1r17m67a.cnf 0 1 300.015 95526 3824376 1760701 0 3824376
../../benches/sr19/new/Skladanivskyy/sha1r17m75a_p.cnf 0 1 299.992 99365 3931846 1820545 0 2993635
../../benches/sr19/new/Skladanivskyy/sha1r17m75a.cnf 0 1 299.99 93525 3769852 1724187 0 3301113
../../benches/sr19/new/vonHolten/b1904P1-8x8c6h5SAT.cnf 0 1 299.831 38574 3389156 990088 0 3275603
../../benches/sr19/new/vonHolten/b1904P1-8x8c6h7SAT.cnf 0 1 299.788 43622 3297101 1048675 0 3109779
../../benches/sr19/new/vonHolten/b1904P2-8x8c9h5SAT.cnf 0 1 299.85 45537 3382472 1128099 0 2966203
../../benches/sr19/new/vonHolten/b1904P2-8x8c9h7UNSAT.cnf 0 1 299.82 53509 3162283 1226693 0 3061226
../../benches/sr19/new/vonHolten/b1904P3-8x8c11h0SAT.cnf 0 1 299.808 34934 3110225 965019 0 2959283
../../benches/sr19/new/vonHolten/b1904P3-8x8c11h7SAT.cnf 0 1 299.825 43118 2950133 1215041 0 2928351
../../benches/sr19/new/vonHolten/b1904P3-8x8c11h7UNSAT.cnf 0 1 299.897 38203 2475040 1155027 0 2308016
../../benches/sr19/new/Zaikin/ASG_96_len112_known_last13_2_u.cnf 0 1 299.984 29137 994101 980454 0 801662
../../benches/sr19/new/Zaikin/ASG_96_len112_known_last13_2.cnf 0 1 299.986 33421 1021169 1004182 0 966962
../../benches/sr19/new/Zaikin/Grain_no_init_ver1_out200_known_last104_0_u.cnf 0 1 299.977 97111 4589887 4268947 0 529878
../../benches/sr19/new/Zaikin/Grain_no_init_ver1_out200_known_last104_0.cnf 0 1 299.976 109857 3712828 3033829 0 90419
../../benches/sr19/new/Zaikin/Grain_no_init_ver1_out200_known_last105_0_u.cnf 0 1 299.971 88057 3468235 3194919 0 85634
../../benches/sr19/new/Zaikin/MASG_72_keystream76_0.cnf 0 1 299.989 23435 1434288 1431080 0 110571
../../benches/sr19/new/Zaikin/MASG0_72_keystream76_0.cnf 0 1 299.987 31057 1666894 1664437 0 223402
../../benches/sr19/new/Zaikin/Mickey_out250_known_last146_0_u.cnf 0 1 299.722 35222 4507294 1045869 0 4174198
../../benches/sr19/new/Zaikin/Mickey_out250_known_last146_0.cnf 0 1 299.718 34557 4424581 1017957 0 4342397
../../benches/sr19/new/Zaikin/Trivium_no_init_out350_known_last142_1_u.cnf 0 1 299.982 99875 3467802 2461217 0 2072599
../../benches/sr19/new/Zaikin/Trivium_no_init_out350_known_last142_1.cnf 0 1 299.973 104239 3582332 2540527 0 2891381
../../benches/sr19/new/Zaikin/Trivium_no_init_out350_known_last143_1_u.cnf 0 1 299.985 100437 3543060 2626728 0 2793834
../../benches/sr19/new/Zaikin/Trivium_no_init_out350_known_last143_1.cnf 0 1 299.974 104241 3522503 2579244 0 3458301
../../benches/sr19/new/Zhou/Eternity-10-06_c18.cnf 0 1 299.904 80756 4899299 2219858 0 4667830
../../benches/sr19/new/Zhou/Haystacks-ext-12_c18.cnf 0 1 299.992 260261 10815452 10138033 0 9409660
../../benches/sr19/new/Zhou/Haystacks-ext-13_c18.cnf 0 1 299.988 256572 10548457 9938447 0 8633
../../benches/sr19/new/Zhou/knight_14.cnf 0 1 299.982 93276 17393155 1587384 0 12922296
../../benches/sr19/new/Zhou/knight_16.cnf 0 1 299.633 16741 16700072 758693 0 16511080
../../benches/sr19/new/Zhou/knight_18.cnf 0 1 299.355 14238 17554696 586118 0 17203090
../../benches/sr19/new/Zhou/knight_20.cnf 0 1 300.123 10192 15465047 449981 0 15465047
../../benches/sr19/new/Zhou/Pb-chnl15-16_c18.cnf 0 1 299.965 395379 10477506 9023764 0 152648
../../benches/sr19/new/Zhou/Pb-chnl20-21_c18.cnf 0 1 300.006 325882 9580261 8319198 0 173712
../../benches/sr19/new/Zhou/QuasiGroup-4-10_c18.cnf 0 1 299.952 43385 2421173 1350997 0 2279637
../../benches/sr19/new/Zhou/SocialGolfers-6-6-6-cp_c18.cnf 0 1 299.956 74476 4464000 1508909 0 4119823
../../benches/sr19/new/Zhou/SocialGolfers-6-6-7-cp_c18.cnf 0 1 299.936 86522 5092266 1675242 0 4631168
../../benches/sr19/new/Zhou/Subisomorphism-g10-g23_c18.cnf 0 1 299.982 60056 5469590 3828183 0 5037233
../../benches/sr19/new/Zhou/Subisomorphism-g10-g27_c18.cnf 0 1 299.972 59658 5466686 3325728 0 5211388
../../benches/sr19/old/001-80-12-sc2014.cnf 0 1 299.75 133948 54179570 2401879 0 51816049
../../benches/sr19/old/002-80-8-sc2014.cnf 0 1 299.738 140851 53729292 2300975 0 52797992
../../benches/sr19/old/002-sc2013.cnf 0 1 299.934 122076 32912460 1754562 0 28987736
../../benches/sr19/old/003-sc2013.cnf 0 1 299.931 123159 37926544 1780747 0 33486846
../../benches/sr19/old/004-22-160-sc2014.cnf 0 1 299.927 118937 31983414 1716325 0 28150153
../../benches/sr19/old/004-80-8-sc2014.cnf 0 1 299.747 136643 53124691 2277231 0 40946991
../../benches/sr19/old/004-sc2013.cnf 0 1 299.931 123435 36154339 1767436 0 25259879
../../benches/sr19/old/006-23-96-sc2014.cnf 0 1 299.931 125851 39301113 1855850 0 29310858
../../benches/sr19/old/007-sc2013.cnf 0 1 299.924 127578 35681245 1793115 0 30538733
../../benches/sr19/old/008-80-8-sc2014.cnf 0 1 299.745 132775 58133148 2239610 0 53783944
../../benches/sr19/old/11pipe_11_ooo-sc2011.cnf 0 1 299.357 15673 2045421 412101 0 2045421
../../benches/sr19/old/20180322_164224543_p_cnf_320_1120-sc2018.cnf 0 1 299.992 79542 4526535 2053784 0 233895
../../benches/sr19/old/20180326_095804936_p_cnf_320_1120-sc2018.cnf 0 1 299.995 80218 4529058 2065709 0 195198
../../benches/sr19/old/24.4-sc2017.cnf 0 1 299.927 124164 33195973 1855925 0 29390278
../../benches/sr19/old/289-unsat-21x14-sc2011.cnf 0 1 299.966 61234 12468629 4221144 0 726933
../../benches/sr19/old/58bits_13.dimacs-sr2015.cnf 0 1 299.984 91395 3680740 1707120 0 2929339
../../benches/sr19/old/6-4-6-sc2018.cnf 0 1 299.904 38426 3077285 1135652 0 2843777
../../benches/sr19/old/62bits_14.dimacs-sr2015.cnf 0 1 299.994 103449 3561042 1755021 0 3450446
../../benches/sr19/old/6s126-opt-sc2014.cnf 0 1 299.031 38377 7648804 607172 0 7557601
../../benches/sr19/old/6s133-sc2014.cnf 0 1 299.931 142740 11400208 2536256 0 11221405
