../../benches/sr19/new/Bebel/toughsat_25bits_1.cnf 10 2 180.332 33344 1029853 547574 0 917616
../../benches/sr19/new/Bebel/toughsat_25bits_3.cnf 10 2 177.649 34219 1037958 533590 0 1021460
../../benches/sr19/new/Bebel/toughsat_26bits_0.cnf 10 2 167.27 32309 912561 557652 0 729822
../../benches/sr19/new/Bebel/toughsat_26bits_1.cnf 10 2 60.9621 7251 326544 239834 0 320393
../../benches/sr19/new/Bebel/toughsat_26bits_2.cnf 10 2 904.946 132297 3672794 2169932 0 2847702
../../benches/sr19/new/Bebel/toughsat_26bits_3.cnf 10 2 195.403 34065 1161457 657011 0 831235
../../benches/sr19/new/Bebel/toughsat_27bits_0.cnf 10 2 1418.22 134316 5001460 2826845 0 4842431
../../benches/sr19/new/Bebel/toughsat_28bits_0.cnf 0 2 1999.97 127088 5932320 4095317 0 5796424
../../benches/sr19/new/Bebel/toughsat_29bits_0.cnf 0 2 1999.98 125119 7001693 4226989 0 6403302
../../benches/sr19/new/Bebel/toughsat_30bits_0.cnf 0 2 2000.22 179108 7095149 4759604 0 7095149
../../benches/sr19/new/Biere/cruxmiter29seed4.cnf 20 2 254.863 106294 5445149 3913498 0 5386842
../../benches/sr19/new/Biere/cruxmiter29seed9.cnf 0 2 1999.98 496702 20812961 18013906 0 958220
../../benches/sr19/new/Biere/cruxmiter32seed4.cnf 0 2 1999.98 434382 22322317 16738292 0 13873286
../../benches/sr19/new/Biere/eq2csparrc162cbpwtcl16.cnf 0 2 1999.99 371178 10716210 6920172 0 10229973
../../benches/sr19/new/Biere/eqbparrc12spctbk12.cnf 0 2 1999.98 373126 9492996 6910839 0 4259298
../../benches/sr19/new/Biere/eqbparrc14spwtcl14.cnf 0 2 1999.98 343898 10712519 6811064 0 10596326
../../benches/sr19/new/Biere/eqbparrc18spwtrc18.cnf 0 2 1999.99 258378 9733175 6022714 0 9617896
../../benches/sr19/new/Biere/eqbpdtlf12bparrc12.cnf 20 2 660.596 120464 5385319 3731114 0 5269716
../../benches/sr19/new/Biere/eqbpdtlf14bpwtcl14.cnf 0 2 1999.98 320301 10739795 6666831 0 10650976
../../benches/sr19/new/Biere/eqbpdtlf14spctbk14.cnf 0 2 1999.98 341924 10242213 6652762 0 9706211
../../benches/sr19/old/6s139-sc2013.cnf 20 2 1981.25 83990 642291302 2050371 0 627953169
../../benches/sr19/old/6s20-sc2013.cnf 20 2 461.223 98155 4663183 2051807 0 4612895
../../benches/sr19/old/9_50-sc2017.cnf 10 2 353.483 94590 5396947 2897550 0 4081590
../../benches/sr19/old/9dlx_vliw_at_b_iq8-sc2007.cnf 0 2 1996.8 126297 53143728 4632504 0 48751885
../../benches/sr19/old/9pipe_k-sc2012.cnf 20 2 1613.29 132198 23172575 5057585 0 23121500
../../benches/sr19/old/aaai10-planning-ipc5-pathways-17-step21-sc2011.cnf 10 2 138.773 23176 1431881 703768 0 1392258
../../benches/sr19/old/aaai10-planning-ipc5-TPP-21-step11-sc2011.cnf 20 2 148.228 5597 368409 226902 0 345773
../../benches/sr19/old/ACG-20-10p1-sc2009.cnf 10 2 974.718 23203 1240500 545265 0 1184804
../../benches/sr19/old/ae_rphp095_04-sc2018.cnf 0 2 1999.85 813263 368258136 47690797 0 367632920
../../benches/sr19/old/aes_24_4_keyfind_5-sc2014.cnf 0 2 1999.99 211611 6559996 5252915 0 231492
../../benches/sr19/old/aes_32_3_keyfind_1-sc2011.cnf 0 2 1999.98 454145 13697740 9672006 0 11979177
../../benches/sr19/old/aes_equiv_encry_3_rounds.debugged-sc2012.cnf 20 2 228.132 52637 5469468 1273698 0 4969224
../../benches/sr19/old/ak128astepbg2msaig-sc2016.cnf 0 2 1999.66 104097 14555148 2187172 0 14530806
../../benches/sr19/old/ak128modasbg2asisc-sc2016.cnf 0 2 1999.67 95690 13490361 2215002 0 13460506
../../benches/sr19/old/apn-sbox6-cut4-helpbox31-sc2018.cnf 10 2 27.7787 5111 350516 166445 0 177317
../../benches/sr19/old/AProVE07-26-sc2007.cnf 0 2 1999.96 438164 35788553 8799443 0 35743325
../../benches/sr19/old/atco_enc1_opt2_20_12-sc2014.cnf 20 2 1527.13 104427 4096110 2414408 0 3979130
../../benches/sr19/old/atco_enc3_opt2_10_12-sc2014.cnf 20 2 1021.94 6947 368375 174862 0 336284
../../benches/sr19/old/b_unsat-sc2013.cnf 20 2 902.756 24847 1324066 950344 0 1223877
../../benches/sr19/old/b04_s_2_unknown_pre-sc2013.cnf 10 2 742.363 21911 2379194 774040 0 2185443
../../benches/sr19/old/blockpuzzle_5x10_s3_free4-sc2017.cnf 20 2 1708.84 887067 49765857 25702372 0 49534060
../../benches/sr19/old/blocks-blocks-36-0.120-NOTKNOWN-sc2011.cnf 0 2 1998.63 12496 4555365 849313 0 4488131
../../benches/sr19/old/blocks-blocks-37-1.130-NOTKNOWN-sc2011.cnf 20 2 1161.48 5216 2692347 408785 0 2423990
../../benches/sr19/old/bob12s06-sc2013.cnf 0 2 1999.58 153069 527924035 4093903 0 527625499
../../benches/sr19/old/c6288mul.miter.shuffled-as.sat03-346-sc2002.cnf 0 2 1999.98 311414 21913601 5958270 0 21727908
../../benches/sr19/old/connm-ue-csp-sat-n800-d0.02-s111845174.used-as.sat04-958-sc2011.cnf 0 2 1999.98 280195 8484643 7418081 0 183976
../../benches/sr19/old/countbitsrotate032-sc2009.cnf 0 2 1999.89 40846 4977566 4973683 0 201015
../../benches/sr19/old/countbitssrl032-sc2009.cnf 20 2 50.9266 6224 335615 224660 0 301168
../../benches/sr19/old/countbitswegner128-sc2011.cnf 0 2 1999.94 431825 22166721 8523163 0 22149199
../../benches/sr19/old/course0.2_2018_3-sc2018.cnf 10 2 736.599 29627 5455013 544674 0 5358265
../../benches/sr19/old/ctl_4291_567_2_unsat_pre-sc2013.cnf 20 2 1823.14 297424 9795517 7162817 0 9606660
../../benches/sr19/old/ctl_4291_567_2_unsat-sc2013.cnf 20 2 1601.69 255437 8882319 6563276 0 8738944
../../benches/sr19/old/ctl_4291_567_5_unsat_pre-sc2014.cnf 0 2 1999.92 385804 11541402 8144451 0 11482370
../../benches/sr19/old/custmulsb2x32o-sc2016.cnf 0 2 1999.98 411999 9176879 7447773 0 8242283
../../benches/sr19/old/custmulun16x16o-sc2016.cnf 0 2 1999.98 339445 13489688 7543225 0 11929844
../../benches/sr19/old/e_rphp035_05-sc2018.cnf 20 2 243.813 317874 22100848 8633770 0 21806264
../../benches/sr19/old/ecarev-110-1031-23-40-8-sc2018.cnf 10 2 197.149 28136 1855008 972490 0 1755319
../../benches/sr19/old/edges-024-4-5613555-1-00-sc2014.cnf 0 2 1999.93 798664 22956492 20180377 0 107662
../../benches/sr19/old/EDP3-70000-sc2014.cnf 0 2 1996.74 54178 20986994 1423372 0 10510149
../../benches/sr19/old/ex051_9-sc2018.cnf 0 2 1999.7 286489 16225666 6798659 0 16088871
../../benches/sr19/old/ex145_11-sc2018.cnf 0 2 1999.92 367090 22784444 7591129 0 21535561
../../benches/sr19/old/ex175_17-sc2018.cnf 0 2 1996.67 92587 5505419 1953127 0 5059385
../../benches/sr19/old/ex175_18-sc2018.cnf 0 2 1995.35 91644 6151982 1944421 0 5651229
../../benches/sr19/old/f10nidw-sc2012.cnf 20 2 282.075 35274 7852324 1107577 0 7798596
../../benches/sr19/old/frb59-26-1.used-as.sat04-891-sc2011.cnf 0 2 1999.95 212276 21930675 16343492 0 379841
../../benches/sr19/old/gss-33-s100-sc2009.cnf 0 2 1999.97 45985 2192380 2175685 0 2083772
../../benches/sr19/old/gto_p60c238-sc2018.cnf 20 2 91.4305 82291 2826803 2470985 0 2806392
../../benches/sr19/old/gus-md5-14-sc2009.cnf 0 2 1999.93 24616 1906846 869772 0 1853998
../../benches/sr19/old/hwb-n26-01-S1957858365.shuffled-as.sat03-1622-sc2002.cnf 20 2 522.312 204552 6805762 5773159 0 6694082
../../benches/sr19/old/hwb-n26-03-S540351185.sat05-490.reshuffled-07-sc2007.cnf 20 2 1785.72 420999 15711648 12940968 0 15664521
../../benches/sr19/old/hwmcc10-timeframe-expansion-k45-pdtpmspalu-tseitin-sc2011.cnf 0 2 1999.9 469802 68576295 7458807 0 68313282
../../benches/sr19/old/hwmcc15deep-6s516r-k18-sc2017.cnf 20 2 501.712 256372 74230747 5775562 0 71973285
../../benches/sr19/old/hwmcc15deep-oski15a10b10s-k22-sc2017.cnf 0 2 1999.73 217755 26782538 5152979 0 26634780
../../benches/sr19/old/IBM_FV_20002_31_1_rule_1_SAT_dat.k95-sc2007.cnf 0 2 1999.87 229304 21023070 5484161 0 19775684
../../benches/sr19/old/IBM_FV_2004_rule_batch_2_31_2_SAT_dat.k45.debugged-sc2012.cnf 0 2 1999.9 204221 14362786 5128292 0 13584691
../../benches/sr19/old/jgiraldezlevy.2200.9086.08.40.149-sr2015.cnf 10 2 157.9 22760 1615211 972199 0 1614892
../../benches/sr19/old/k_unsat-sc2013.cnf 0 2 1999.85 189797 8949760 5268773 0 8921778
../../benches/sr19/old/LABS_n066_goal005-sc2013.cnf 10 2 613.048 26340 2145726 558884 0 2138488
../../benches/sr19/old/LABS_n071_goal001-sc2013.cnf 0 2 1999.72 70462 3464172 1730850 0 3464119
../../benches/sr19/old/LABS_n087_goal008-sc2013.cnf 10 2 1753.66 34421 3589664 616117 0 3554651
../../benches/sr19/old/LABS_n089_goal008-sc2013.cnf 0 2 1999.63 31755 3449499 657993 0 3380837
../../benches/sr19/old/le450_15b.col.15-sc2018.cnf 0 2 1999.9 822850 38260193 33660586 0 204519
../../benches/sr19/old/li-exam-63.shuffled-as.sat03-368-sc2002.cnf 0 2 1999.93 127778 32436217 4178739 0 29393927
../../benches/sr19/old/li-test4-99.shuffled-as.sat03-377-sc2002.cnf 0 2 1999.87 126005 74856079 2532366 0 74818780
../../benches/sr19/old/manthey_single-ordered-initialized-w50-b7-sr2015.cnf 20 2 987.138 78822 5359297 3910703 0 5248429
../../benches/sr19/old/MD5-29-4-sc2014.cnf 0 2 1999.96 207467 86005324 6103730 0 85671128
../../benches/sr19/old/MD5-29-5-sc2014.cnf 0 2 1999.96 209836 86682520 6107494 0 69913558
../../benches/sr19/old/minxorminand128-sc2009.cnf 20 2 1290.54 217406 41405264 6339917 0 40773317
../../benches/sr19/old/mod2c-3cage-unsat-10-2.sat05-2567.reshuffled-07-sc2007.cnf 20 2 267.041 338264 14171734 10012755 0 14161374
../../benches/sr19/old/mod2c-3cage-unsat-10-3.sat05-2568.reshuffled-07-sc2007.cnf 20 2 783.544 732601 30453603 23822400 0 30416746
../../benches/sr19/old/mod4block_2vars_10gates_u2_autoenc-sc2009.cnf 10 2 20.4442 10183 539571 150468 0 537432
../../benches/sr19/old/mulhs016-sc2009.cnf 0 2 1999.98 241890 11250571 5834676 0 10442404
../../benches/sr19/old/MUS-v310-4-sc2013.cnf 20 2 1623.81 345269 11861148 7667353 0 11827191
../../benches/sr19/old/Nb51T6-sc2018.cnf 0 2 1993.63 7546 689244 285488 0 598133
../../benches/sr19/old/ndhf_xits_16_UNKNOWN-sc2009.cnf 0 2 1999.84 256922 14299875 12243362 0 408458
../../benches/sr19/old/newton.2.3.i.smt2-cvc4-sc2016.cnf 0 2 1999.52 35569 1062503 711420 0 1041791
../../benches/sr19/old/par32-1-c.shuffled-as.sat03-1531-sc2002.cnf 0 2 1999.9 435291 18689469 12616550 0 12270463
../../benches/sr19/old/partial-10-11-s-sc2007.cnf 10 2 75.1874 1342 383137 199004 0 330349
../../benches/sr19/old/partial-10-11-u-sc2007.cnf 0 2 1999.75 120617 10673416 4928029 0 10588509
../../benches/sr19/old/partial-5-11-u-sc2007.cnf 0 2 1999.93 336075 15654563 8729866 0 15649238
../../benches/sr19/old/partial-5-17-s-sc2007.cnf 10 2 1017.43 71461 9334959 1568384 0 8975276
../../benches/sr19/old/partial-5-19-u-sc2007.cnf 0 2 1999.8 82101 12832157 3538650 0 12633666
../../benches/sr19/old/ps_5000_21250_3_0_0.7_0_1.45_4-sc2017.cnf 0 2 1999.97 368017 23903545 8168385 0 16996
../../benches/sr19/old/ps_5000_21250_3_0_0.8_0_1.55_2-sc2017.cnf 20 2 1401.22 391716 15869725 9131615 0 15781559
../../benches/sr19/old/rbcl_xits_11_UNKNOWN-sc2009.cnf 0 2 1999.86 331815 18727151 14937447 0 14152165
../../benches/sr19/old/rbcl_xits_13_UNKNOWN-sc2009.cnf 0 2 1999.94 302468 18942774 15387542 0 18284858
../../benches/sr19/old/rbsat-v2100c215164g4-sc2011.cnf 0 2 1999.93 212101 25710088 18050768 0 403793
../../benches/sr19/old/rbsat-v2400c266431g5-sc2009.cnf 0 2 1999.91 184319 27626574 20202037 0 394063
../../benches/sr19/old/rphp5_100_shuffled-sc2016.cnf 0 2 1999.98 584599 702285004 40697333 0 3535256
../../benches/sr19/old/rpoc_xits_11_UNKNOWN-sc2009.cnf 0 2 1999.95 298610 17168388 14811080 0 348407
../../benches/sr19/old/rpoc_xits_12_UNKNOWN-sc2009.cnf 0 2 1999.95 296903 16767629 14720877 0 340010
../../benches/sr19/old/rubikcube701-sc2017.cnf 0 2 1999.9 172867 7637645 5133084 0 6661599
../../benches/sr19/old/rubikcube912-sc2017.cnf 0 2 1999.94 129976 7057601 4275707 0 6611571
../../benches/sr19/old/safe-30-h29-unsat-sc2007.cnf 0 2 1999.83 946563 68054602 22169394 0 36475784
../../benches/sr19/old/SAT_dat.k100-sc2012.cnf 20 2 125.228 17494 895742 386401 0 869709
../../benches/sr19/old/SAT_dat.k85-sc2013.cnf 20 2 1714.66 92873 5381514 1527364 0 5345068
../../benches/sr19/old/Schur_160_5_d38-sc2016.cnf 10 2 274.256 91005 5362488 3027913 0 381989
../../benches/sr19/old/Schur_161_5_d22-sc2016.cnf 0 2 1999.83 322928 25286579 15491322 0 370068
../../benches/sr19/old/sgen1-sat-180-100-sc2009.cnf 0 2 1999.93 344605 19402730 14261442 0 124583
../../benches/sr19/old/sgen1-unsat-109-100-sc2009.cnf 0 2 1999.91 785349 25691891 20087535 0 119548
../../benches/sr19/old/SGI_30_60_28_40_2-dir.shuffled-as.sat03-124-sc2002.cnf 0 2 1999.97 832412 36115382 29665850 0 35998537
../../benches/sr19/old/sha2.shuffled-as.sat03-442-sc2002.cnf 0 2 1999.96 47376 3804146 1820803 0 2975119
../../benches/sr19/old/sin.c.75.smt2-cvc4-sc2016.cnf 0 2 1983 5190 9821846 253875 0 9821846
../../benches/sr19/old/slp-synthesis-aes-bottom18-sc2011.cnf 0 2 1999.95 335335 19965153 7080127 0 19538372
../../benches/sr19/old/slp-synthesis-aes-bottom22-sc2011.cnf 0 2 1999.94 268865 22132455 5959045 0 20878661
../../benches/sr19/old/slp-synthesis-aes-bottom26-sc2011.cnf 0 2 1999.86 301096 24491746 6226330 0 23712698
../../benches/sr19/old/slp-synthesis-aes-top21-sc2011.cnf 0 2 2000.11 408531 18245605 10257553 0 16964779
../../benches/sr19/old/smtlib-qfbv-aigs-countbits128-tseitin-sc2011.cnf 0 2 1999.96 399166 20649380 7743351 0 20400373
../../benches/sr19/old/snw_13_8_pre-sc2016.cnf 20 2 1483.18 62836 2708072 1771401 0 2634431
../../benches/sr19/old/snw_16_8_nopre-sc2016.cnf 0 2 1998.5 22017 1281484 633879 0 1227083
../../benches/sr19/old/snw_16_8_pre-sc2016.cnf 0 2 1998.34 21399 1166453 619729 0 1128762
../../benches/sr19/old/sokoban-p16.sas.ex.15-sc2016.cnf 20 2 1512.28 36145 10244140 1598105 0 9981390
../../benches/sr19/old/sokoban-p16.sas.ex.19-sc2016.cnf 10 2 155.112 3548 2041924 137012 0 1322042
../../benches/sr19/old/sokoban-p16.sas.ex.21-sc2016.cnf 0 2 1998.09 43068 20877114 1654427 0 20201423
../../benches/sr19/old/sokoban-p16.sas.ex.23-sc2016.cnf 0 2 1997.62 48089 23852761 1849054 0 22911829
../../benches/sr19/old/sokoban-p20.sas.cr.35-sc2016.cnf 0 2 1999.58 41421 13783891 1746343 0 13682760
../../benches/sr19/old/sokoban-p20.sas.ex.15-sc2016.cnf 0 2 1998.48 22531 12043272 1229656 0 10838022
../../benches/sr19/old/sokoban-p20.sas.ex.17-sc2016.cnf 0 2 1998.13 55544 26772340 1965542 0 26211960
../../benches/sr19/old/sokoban-p20.sas.ex.23-sc2016.cnf 0 2 1996.65 39857 26215847 1695743 0 24106478
../../benches/sr19/old/squ_any_s09x07_c27_abio_UNS-sc2017.cnf 20 2 639.98 176205 6635813 5145911 0 6515999
../../benches/sr19/old/srhd-sgi-m62-q1504.5-n60-p30-s88600538-sc2011.cnf 0 2 1999.8 254188 23848301 20910450 0 395115
../../benches/sr19/old/stable-400-0.1-4-9876543214004-sc2014.cnf 10 2 1553.05 545832 33613855 26644515 0 271706
../../benches/sr19/old/sted1_0x0-380-sc2018.cnf 0 2 1999.87 202678 15013617 5299196 0 14682202
../../benches/sr19/old/stone-width3chain-nmarkers-20_shuffled-sc2016.cnf 0 2 1995.39 42709 35604988 1861144 0 35604988
../../benches/sr19/old/T103.2.1-sc2017.cnf 20 2 1672.66 22370 3573947 468048 0 3400774
../../benches/sr19/old/T169.1.0-sc2017.cnf 10 2 97.9785 1585 8168406 46643 0 7146293
../../benches/sr19/old/test_v7_r12_vr10_c1_s18160.smt2-stp212-sc2016.cnf 0 2 1999.34 123834 11430131 3369471 0 11076952
../../benches/sr19/old/TimetableCNFEncoding_5_UNKNOWN-sc2018.cnf 0 2 1998.84 121095 431100801 6953438 0 387797252
../../benches/sr19/old/total-10-15-u-sc2007.cnf 0 2 1999.95 361707 19886519 12234230 0 19546123
../../benches/sr19/old/tseitingrid7x160_shuffled-sc2016.cnf 0 2 1999.97 2085650 418376556 71254793 0 429086
../../benches/sr19/old/UCG-20-10p1-sc2009.cnf 10 2 364.019 13367 831267 444596 0 747389
../../benches/sr19/old/uniqinv47prop-sc2018.cnf 0 2 1999.95 265245 24374652 6048975 0 22954881
../../benches/sr19/old/unsat-set-a-fclqcolor-20-13-14.sat05-1278.reshuffled-07-sc2007.cnf 0 2 1999.97 447780 106124017 42401787 0 573234
../../benches/sr19/old/UR-20-5p1-sc2009.cnf 10 2 127.09 5933 472905 195423 0 426868
../../benches/sr19/old/UTI-20-10p0-sc2009.cnf 20 2 191.028 18815 1438233 537984 0 1400872
../../benches/sr19/old/UTI-20-10p1-sc2009.cnf 10 2 397.198 22571 2471290 982536 0 2316721
../../benches/sr19/old/UTI-20-5p0-sc2009.cnf 20 2 187.588 22082 1647843 637943 0 1592917
../../benches/sr19/old/vmpc_31-sc2007.cnf 0 2 1999.96 272449 18332700 9188161 0 17304774
../../benches/sr19/old/vmpc_34.shuffled-as.sat05-1958-sc2005.cnf 0 2 1999.92 268636 19890159 9377441 0 18545420
../../benches/sr19/old/vmpc_36.renamed-as.sat05-1922-sc2005.cnf 0 2 1999.94 266200 20494536 9472938 0 20297329
../../benches/sr19/old/x2_128.shuffled-as.sat03-1598-sc2002.cnf 0 2 1999.99 1184281 80104674 36938468 0 511014
../../benches/sr19/new/Biere/eqbpdtlf14spdtlf14.cnf 0 2 1999.93 322438 10039574 6546470 0 9475454
../../benches/sr19/new/Biere/eqbpdtlf16spdtlf16.cnf 0 2 1999.99 304760 10366860 6516030 0 8117738
../../benches/sr19/new/Biere/eqbpdtlf18sparcl18.cnf 0 2 1999.98 284267 8017707 6065426 0 6265334
../../benches/sr19/new/Biere/eqbpwtcl10spwtcl10.cnf 20 2 222.399 89926 2386913 1854548 0 2345017
../../benches/sr19/new/Biere/eqbpwtrc10spctbk10.cnf 20 2 133.9 22527 1063332 918036 0 998295
../../benches/sr19/new/Biere/eqsparcl12bpwtrc12.cnf 0 2 1999.99 479345 11651932 7760792 0 11548616
../../benches/sr19/new/Biere/eqsparrc12bpdtlf12.cnf 0 2 1999.99 424894 10823051 7406158 0 9982993
../../benches/sr19/new/Biere/eqsparrc14spctbk14.cnf 0 2 1999.97 383461 11102918 7032645 0 8892575
../../benches/sr19/new/Biere/eqsparrc16spwtcl16.cnf 0 2 1999.99 354978 9508038 6728381 0 9258327
../../benches/sr19/new/Biere/eqspctbk12bpwtrc12.cnf 0 2 1999.97 400921 9849438 7180084 0 9489888
../../benches/sr19/new/Biere/eqspctbk14sparcl14.cnf 0 2 1999.92 364220 9977109 6820524 0 9786788
../../benches/sr19/new/Biere/eqspctbk14spwtcl14.cnf 0 2 1999.98 275539 9099780 5903380 0 8572195
../../benches/sr19/new/Biere/eqspdtlf14bpwtrc14.cnf 0 2 1999.99 324680 9951887 6639937 0 9741434
../../benches/sr19/new/Biere/eqspwtcl14bpwtcl14.cnf 0 2 1999.95 239244 8794925 5661651 0 7859759
../../benches/sr19/new/Biere/eqspwtrc16bparrc16.cnf 0 2 1999.98 296418 9303542 6183328 0 9201376
../../benches/sr19/new/Chen/hcp_bij16_16.cnf 0 2 1993.44 48194 63095220 2767317 0 61947448
../../benches/sr19/new/Chen/hcp_CP16_16.cnf 10 2 934.299 88251 26874637 2163232 0 26462066
../../benches/sr19/new/Chen/hcp_CP18_18.cnf 10 2 1425.15 94240 34657043 2176580 0 34510535
../../benches/sr19/new/Chen/hcp_CP20_20.cnf 10 2 539.305 26721 11323780 615143 0 11321113
../../benches/sr19/new/Chen/hcp_CP22_22.cnf 0 2 1999.5 86201 43364380 1750757 0 41604671
../../benches/sr19/new/Chen/hcp_CP24_24.cnf 0 2 1999.21 42569 25479840 1167754 0 24950961
../../benches/sr19/new/Chen/hcp_CP26_26.cnf 0 2 1998.98 34634 24644535 725560 0 24482101
../../benches/sr19/new/Chen/hcp_d14_14.cnf 0 2 1999.96 245648 50153690 7071487 0 39054321
../../benches/sr19/new/Chen/hcp_d16_16.cnf 0 2 1999.95 278832 69034169 7253969 0 55317890
../../benches/sr19/new/Chen/hcp_d18_18.cnf 0 2 1999.88 308736 90796150 7434226 0 75552572
../../benches/sr19/new/Chen/hcp_d20_20.cnf 0 2 1999.92 329233 112694512 7459569 0 86999813
../../benches/sr19/new/Chen/hcp_d22_22.cnf 0 2 1999.9 347926 136640028 7653312 0 131537246
../../benches/sr19/new/Chen/hcp_d24_24.cnf 0 2 1999.87 358771 158791456 7693430 0 119171422
../../benches/sr19/new/Heule/MM-22.cnf 0 2 1999.89 477295 109796955 10678126 0 2033286
../../benches/sr19/new/Heule/MM-23-2-2-2-2-3.cnf 0 2 1999.9 436323 89846126 10717888 0 1642502
../../benches/sr19/new/Heule/MM-23-2-2-2-2-A.cnf 0 2 1999.9 455145 96123624 12242888 0 1828205
../../benches/sr19/new/Heule/MM-23-2-2-2-2-B.cnf 0 2 1999.9 435674 92503402 11753226 0 1729923
../../benches/sr19/new/Heule/MM-23-2-2-2-2-C.cnf 0 2 1999.9 416486 90154552 12151627 0 1845082
../../benches/sr19/new/Heule/MM-23-2-2-2-2-D.cnf 0 2 1999.91 392364 87097547 12472509 0 1710588
../../benches/sr19/new/Heule/MM-23-2-2-2-2-M.cnf 0 2 1999.89 418808 91363557 12229371 0 1787674
../../benches/sr19/new/Heule/MM-23-2-2-2-3-4.cnf 0 2 1999.96 415948 86016012 11175236 0 1609410
../../benches/sr19/new/Heule/MM-23-2-2-2-4-A.cnf 0 2 1999.85 419822 90609506 13142230 0 1761634
../../benches/sr19/new/Heule/MM-23-2-2-2-4-B.cnf 0 2 1999.89 423106 91988735 13448206 0 1640051
../../benches/sr19/new/Heule/MM-23-2-2-3-A.cnf 0 2 1999.8 398282 89091985 13221990 0 1736277
../../benches/sr19/new/Heule/MM-23-2-2-3-B.cnf 0 2 1999.79 379015 85473643 12917228 0 1629011
../../benches/sr19/new/Heule/MM-23-2-4-A.cnf 0 2 1999.91 423529 89520393 10669676 0 1750196
../../benches/sr19/new/Heule/MM-23-2-4-B.cnf 0 2 1999.9 458113 95017389 10768838 0 1411383
../../benches/sr19/new/Heule/MM-23-3-3-A.cnf 0 2 1999.9 451599 94698208 11419507 0 1763857
../../benches/sr19/new/Heule/MM-23-3-3-B.cnf 0 2 1999.91 391709 86159524 11384948 0 1843574
../../benches/sr19/new/Heule/MM-23-3-3-M.cnf 0 2 1999.95 410291 88710768 11175254 0 1959962
../../benches/sr19/new/Heule/MM-23-3-3-N.cnf 0 2 1999.9 449625 94396208 11315569 0 1713432
../../benches/sr19/new/Heule/MM-23-4-4-4-4-1.cnf 0 2 1999.9 394716 78300658 8947121 0 1650459
../../benches/sr19/new/Heule/MM-23-5-A.cnf 0 2 1999.9 440030 91477020 10244774 0 1972656
../../benches/sr19/new/Heule/MM-23-5-B.cnf 0 2 1999.91 431271 90860965 10608826 0 1654411
../../benches/sr19/new/Heule/MM-23-no-type3.cnf 0 2 1999.81 556268 128989018 9902055 0 15969544
../../benches/sr19/new/Manthey/sv-comp19_prop-reachsafety.barrier_3t_true-unreach-call.i-witness.cnf 10 2 1600.84 1173 987447 31943 0 327765
../../benches/sr19/new/Manthey/sv-comp19_prop-reachsafety.fib_bench_longest_false-unreach-call.i-witness.cnf 10 2 441.693 77518 5727072 2047899 0 5505166
../../benches/sr19/new/Manthey/sv-comp19_prop-reachsafety.newton_2_3_true-unreach-call_true-termination.i-witness.cnf 20 2 43.1192 1692 113155 42036 0 95108
../../benches/sr19/new/Manthey/sv-comp19_prop-reachsafety.queue_longer_false-unreach-call.i-witness.cnf 10 2 797.252 185 389663 8438 0 42827
../../benches/sr19/new/Manthey/sv-comp19_prop-reachsafety.sigma_false-unreach-call.i-witness.cnf 10 2 480.834 11034 2287878 185412 0 2169714
../../benches/sr19/new/Manthey/sv-comp19_prop-reachsafety.triangular-longer_false-unreach-call.i-witness.cnf 10 2 940.5 116371 14339931 4908228 0 14182661
../../benches/sr19/new/Savicky/size_4_4_4_i0566_r8.cnf 20 2 262.201 98894 3606735 2475286 0 3544643
../../benches/sr19/new/Savicky/size_4_4_4_i2704_r8.cnf 20 2 116.556 33516 1659839 1244278 0 1631146
../../benches/sr19/new/Savicky/size_4_4_4_i3499_r8.cnf 20 2 125.729 47437 1921431 1381088 0 1888440
../../benches/sr19/new/Savicky/size_4_4_4_i4828_r8.cnf 20 2 93.0242 38567 1660172 1260467 0 1631395
../../benches/sr19/new/Savicky/size_5_5_5_i116_r12.cnf 10 2 371.633 109648 7273091 3212759 0 6228563
../../benches/sr19/new/Savicky/size_5_5_5_i171_r12.cnf 10 2 50.3223 28070 1791117 578464 0 1263290
../../benches/sr19/new/Savicky/size_5_5_5_i198_r12.cnf 10 2 300.784 110030 7075733 2503094 0 2063266
../../benches/sr19/new/Savicky/size_5_5_5_i223_r12.cnf 10 2 509.047 125778 9597954 3930026 0 528048
../../benches/sr19/new/Savicky/size_5_5_5_i235_r12.cnf 10 2 473.01 109912 8532608 3764581 0 6910400
../../benches/sr19/new/Savicky/size_5_5_5_i251_r12.cnf 0 2 1999.93 456944 29632548 10909429 0 26118699
../../benches/sr19/new/Savicky/size_5_5_5_i260_r12.cnf 0 2 1999.97 492824 29958707 9588684 0 20828434
../../benches/sr19/new/Savicky/size_5_5_5_i272_r12.cnf 0 2 1999.98 460834 29201613 10403849 0 25726112
../../benches/sr19/new/Skladanivskyy/sha1r17m145ABCD.cnf 0 2 1999.94 207631 9080951 5099950 0 8072258
../../benches/sr19/new/Skladanivskyy/sha1r17m146ABCD_p.cnf 0 2 1999.98 201375 9007665 5029967 0 7954664
../../benches/sr19/new/Skladanivskyy/sha1r17m146ABCD.cnf 0 2 1999.9 231886 9976354 5397934 0 9637612
../../benches/sr19/new/Skladanivskyy/sha1r17m147ABCD_p.cnf 10 2 1762.89 182790 8472753 4866574 0 8412914
../../benches/sr19/new/Skladanivskyy/sha1r17m147ABCD.cnf 0 2 1999.98 197046 8825652 4965455 0 8611801
../../benches/sr19/new/Skladanivskyy/sha1r17m148ABCD_p.cnf 10 2 1883.68 212366 9479055 5206301 0 7674368
../../benches/sr19/new/Skladanivskyy/sha1r17m148ABCD.cnf 10 2 1011.97 120490 5777767 3288441 0 5661874
../../benches/sr19/new/Skladanivskyy/sha1r17m149ABCD_p.cnf 0 2 1999.99 217869 9516835 5214560 0 7823730
../../benches/sr19/new/Skladanivskyy/sha1r17m149ABCD.cnf 10 2 1165.05 117079 6468417 3859717 0 5944197
../../benches/sr19/new/Skladanivskyy/sha1r17m63a_p.cnf 10 2 83.825 24647 957402 462008 0 432535
../../benches/sr19/new/Skladanivskyy/sha1r17m66a.cnf 10 2 242.888 61448 2575518 1404140 0 2334673
../../benches/sr19/new/Skladanivskyy/sha1r17m67a.cnf 10 2 73.1585 26725 1164005 627210 0 1035013
../../benches/sr19/new/Skladanivskyy/sha1r17m75a_p.cnf 10 2 488.006 114712 4238349 2431334 0 4208166
../../benches/sr19/new/Skladanivskyy/sha1r17m75a.cnf 10 2 550.599 113769 4491907 2655630 0 4463011
../../benches/sr19/new/vonHolten/b1904P1-8x8c6h5SAT.cnf 0 2 1999.75 344879 25895123 6324526 0 24120411
../../benches/sr19/new/vonHolten/b1904P1-8x8c6h7SAT.cnf 0 2 1999.92 327802 21651545 6328231 0 20675625
../../benches/sr19/new/vonHolten/b1904P2-8x8c9h5SAT.cnf 0 2 1999.89 239861 15777171 5764899 0 15711805
../../benches/sr19/new/vonHolten/b1904P2-8x8c9h7UNSAT.cnf 0 2 1999.91 186013 10993509 5327716 0 10792791
../../benches/sr19/new/vonHolten/b1904P3-8x8c11h0SAT.cnf 0 2 1999.8 249378 16055230 6563009 0 15883066
../../benches/sr19/new/vonHolten/b1904P3-8x8c11h7SAT.cnf 10 2 661.421 100239 5044557 2243729 0 4898583
../../benches/sr19/new/vonHolten/b1904P3-8x8c11h7UNSAT.cnf 20 2 529.954 89017 4086608 2011000 0 3978623
../../benches/sr19/new/Zaikin/ASG_96_len112_known_last13_2_u.cnf 20 2 408.458 34006 1347370 1339085 0 1289462
../../benches/sr19/new/Zaikin/ASG_96_len112_known_last13_2.cnf 10 2 295.837 20530 982102 976918 0 553666
../../benches/sr19/new/Zaikin/Grain_no_init_ver1_out200_known_last104_0_u.cnf 0 2 1999.92 359424 15234002 14396436 0 15234002
../../benches/sr19/new/Zaikin/Grain_no_init_ver1_out200_known_last104_0.cnf 10 2 205.094 102072 2736312 2222377 0 592001
../../benches/sr19/new/Zaikin/Grain_no_init_ver1_out200_known_last105_0_u.cnf 20 2 194.066 90972 2417853 2253050 0 2411075
../../benches/sr19/new/Zaikin/MASG_72_keystream76_0.cnf 0 2 1999.95 246893 8647067 8632720 0 428186
../../benches/sr19/new/Zaikin/MASG0_72_keystream76_0.cnf 10 2 873.395 79190 4845685 4841373 0 213226
../../benches/sr19/new/Zaikin/Mickey_out250_known_last146_0_u.cnf 20 2 321.315 28772 3955828 1004535 0 3939080
../../benches/sr19/new/Zaikin/Mickey_out250_known_last146_0.cnf 10 2 152.448 29112 3526193 561169 0 3486508
../../benches/sr19/new/Zaikin/Trivium_no_init_out350_known_last142_1_u.cnf 0 2 1999.95 430285 11639745 9257557 0 9923096
../../benches/sr19/new/Zaikin/Trivium_no_init_out350_known_last142_1.cnf 0 2 1999.97 426984 12375358 9754944 0 11295584
../../benches/sr19/new/Zaikin/Trivium_no_init_out350_known_last143_1_u.cnf 20 2 1154.36 351272 8863308 7143142 0 8719794
../../benches/sr19/new/Zaikin/Trivium_no_init_out350_known_last143_1.cnf 10 2 876.564 219795 6873361 5666294 0 6800187
../../benches/sr19/new/Zhou/Eternity-10-06_c18.cnf 10 2 671.475 58316 5189348 3338737 0 4577488
../../benches/sr19/new/Zhou/Haystacks-ext-12_c18.cnf 0 2 1999.98 1095276 54806792 51663533 0 52941553
../../benches/sr19/new/Zhou/Haystacks-ext-13_c18.cnf 0 2 1999.98 976095 48802307 46293779 0 42430523
../../benches/sr19/new/Zhou/knight_14.cnf 0 2 1999.82 250264 50221232 6425872 0 42726585
../../benches/sr19/new/Zhou/knight_16.cnf 0 2 1999.61 77581 71428412 3192676 0 70851933
../../benches/sr19/new/Zhou/knight_18.cnf 0 2 1999.3 64629 78815533 3226545 0 78395250
../../benches/sr19/new/Zhou/knight_20.cnf 0 2 1999.04 55547 86438001 2968869 0 85616406
../../benches/sr19/new/Zhou/Pb-chnl15-16_c18.cnf 0 2 1999.91 1042202 45412782 40201632 0 157556
../../benches/sr19/new/Zhou/Pb-chnl20-21_c18.cnf 0 2 1999.98 1062184 42728856 37570119 0 174349
../../benches/sr19/new/Zhou/QuasiGroup-4-10_c18.cnf 0 2 1999.9 146172 8791933 6153745 0 8339582
../../benches/sr19/new/Zhou/SocialGolfers-6-6-6-cp_c18.cnf 0 2 1999.95 170466 11994309 5393613 0 11956446
../../benches/sr19/new/Zhou/SocialGolfers-6-6-7-cp_c18.cnf 0 2 1999.96 159327 11457098 5216465 0 10581422
../../benches/sr19/new/Zhou/Subisomorphism-g10-g23_c18.cnf 0 2 1999.95 280288 23016630 17031018 0 21038804
../../benches/sr19/new/Zhou/Subisomorphism-g10-g27_c18.cnf 10 2 71.8015 15351 1596010 951632 0 1458139
../../benches/sr19/old/001-80-12-sc2014.cnf 10 2 663.441 92841 33491130 2159122 0 33346077
../../benches/sr19/old/002-80-8-sc2014.cnf 10 2 601.391 110991 48324405 2580965 0 48263360
../../benches/sr19/old/002-sc2013.cnf 0 2 1999.96 300979 94434849 7171390 0 88938463
../../benches/sr19/old/003-sc2013.cnf 10 2 500.881 96094 34837259 2589705 0 34654702
../../benches/sr19/old/004-22-160-sc2014.cnf 0 2 1999.95 292975 91856802 7060331 0 88588096
../../benches/sr19/old/004-80-8-sc2014.cnf 10 2 295.849 52371 22622190 1318997 0 21173491
../../benches/sr19/old/004-sc2013.cnf 0 2 1999.95 302254 102908776 7069682 0 99118307
../../benches/sr19/old/006-23-96-sc2014.cnf 0 2 1999.95 320062 114145756 7417393 0 109716242
../../benches/sr19/old/007-sc2013.cnf 0 2 1999.96 302245 98416513 7113864 0 81728083
../../benches/sr19/old/008-80-8-sc2014.cnf 10 2 407.322 102678 42093637 2117686 0 42063894
../../benches/sr19/old/11pipe_11_ooo-sc2011.cnf 0 2 1998.37 168239 30877756 5187261 0 29708461
../../benches/sr19/old/20180322_164224543_p_cnf_320_1120-sc2018.cnf 10 2 31.5626 7851 573682 325054 0 190844
../../benches/sr19/old/20180326_095804936_p_cnf_320_1120-sc2018.cnf 10 2 82.7979 18083 1305014 741079 0 174193
../../benches/sr19/old/24.4-sc2017.cnf 0 2 1999.89 315271 97370483 7515548 0 80475598
../../benches/sr19/old/289-unsat-21x14-sc2011.cnf 0 2 1999.95 363262 68010001 19764618 0 730890
../../benches/sr19/old/58bits_13.dimacs-sr2015.cnf 0 2 1999.97 133832 6981515 4335599 0 6055397
../../benches/sr19/old/6-4-6-sc2018.cnf 10 2 1196.89 114075 8843916 3232344 0 8833249
../../benches/sr19/old/62bits_14.dimacs-sr2015.cnf 0 2 1999.97 203192 8229045 5040073 0 6984079
../../benches/sr19/old/6s126-opt-sc2014.cnf 20 2 404.641 55684 18083833 2846743 0 18001519
../../benches/sr19/old/6s133-sc2014.cnf 20 2 43.1189 25569 891515 497870 0 829324
