../../benches/sr19/new/Bebel/toughsat_25bits_1.cnf 0 1 299.974 88407 2761407 1521447 0 2713805
../../benches/sr19/new/Bebel/toughsat_25bits_3.cnf 0 1 299.987 75001 2445667 1382918 0 2368726
../../benches/sr19/new/Bebel/toughsat_26bits_0.cnf 0 1 299.999 74133 2341255 1431107 0 1445565
../../benches/sr19/new/Bebel/toughsat_26bits_1.cnf 0 1 299.987 79809 2458719 1494971 0 2409598
../../benches/sr19/new/Bebel/toughsat_26bits_2.cnf 0 1 300.014 80178 2593275 1527055 0 2593275
../../benches/sr19/new/Bebel/toughsat_26bits_3.cnf 0 1 299.983 72370 2322350 1378370 0 2259488
../../benches/sr19/new/Bebel/toughsat_27bits_0.cnf 0 1 299.978 72605 2404727 1441819 0 2164996
../../benches/sr19/new/Bebel/toughsat_28bits_0.cnf 0 1 299.986 84828 2860597 1540196 0 2737035
../../benches/sr19/new/Bebel/toughsat_29bits_0.cnf 0 1 299.984 100960 4119431 1780312 0 3718387
../../benches/sr19/new/Bebel/toughsat_30bits_0.cnf 0 1 299.972 88649 2955463 1631314 0 2951079
../../benches/sr19/new/Biere/cruxmiter29seed4.cnf 0 1 299.997 141318 6675017 4378428 0 5855467
../../benches/sr19/new/Biere/cruxmiter29seed9.cnf 0 1 299.99 126303 5656679 3887812 0 1679454
../../benches/sr19/new/Biere/cruxmiter32seed4.cnf 0 1 299.997 121004 6280515 3817924 0 5019348
../../benches/sr19/new/Biere/eq2csparrc162cbpwtcl16.cnf 0 1 299.987 59575 2974868 1378566 0 2241823
../../benches/sr19/new/Biere/eqbparrc12spctbk12.cnf 0 1 299.984 89855 2731196 1613354 0 2596170
../../benches/sr19/new/Biere/eqbparrc14spwtcl14.cnf 0 1 299.988 65943 2975376 1485181 0 2631341
../../benches/sr19/new/Biere/eqbparrc18spwtrc18.cnf 0 1 299.99 47241 3055525 1275507 0 2542947
../../benches/sr19/new/Biere/eqbpdtlf12bparrc12.cnf 0 1 299.994 96759 3103462 1711824 0 3000921
../../benches/sr19/new/Biere/eqbpdtlf14bpwtcl14.cnf 0 1 299.991 80148 2969448 1608326 0 2691878
../../benches/sr19/new/Biere/eqbpdtlf14spctbk14.cnf 0 1 300.001 76676 2799873 1596110 0 2507843
../../benches/sr19/old/6s139-sc2013.cnf 0 1 299.213 8469 117837408 308283 0 82122545
../../benches/sr19/old/6s20-sc2013.cnf 0 1 299.906 74850 4752514 1493680 0 4603178
../../benches/sr19/old/9_50-sc2017.cnf 0 1 299.933 108549 5844543 2817135 0 5463608
../../benches/sr19/old/9dlx_vliw_at_b_iq8-sc2007.cnf 0 1 297.202 4902 3466576 153042 0 3291640
../../benches/sr19/old/9pipe_k-sc2012.cnf 0 1 299.361 23619 2750906 528094 0 2692215
../../benches/sr19/old/aaai10-planning-ipc5-pathways-17-step21-sc2011.cnf 0 1 299.854 43211 2834802 1283187 0 2681657
../../benches/sr19/old/aaai10-planning-ipc5-TPP-21-step11-sc2011.cnf 0 1 299.621 13345 1132531 440176 0 1000200
../../benches/sr19/old/ACG-20-10p1-sc2009.cnf 0 1 298.719 8712 884908 126002 0 687043
../../benches/sr19/old/ae_rphp095_04-sc2018.cnf 0 1 299.982 201219 131783362 11397119 0 104012780
../../benches/sr19/old/aes_24_4_keyfind_5-sc2014.cnf 0 1 299.994 69392 1898349 1348807 0 1348657
../../benches/sr19/old/aes_32_3_keyfind_1-sc2011.cnf 0 1 299.992 121475 4164419 2412156 0 2918033
../../benches/sr19/old/aes_equiv_encry_3_rounds.debugged-sc2012.cnf 0 1 298.675 58953 11189694 1298040 0 10147173
../../benches/sr19/old/ak128astepbg2msaig-sc2016.cnf 0 1 299.389 7640 1300275 232398 0 1255583
../../benches/sr19/old/ak128modasbg2asisc-sc2016.cnf 0 1 299.554 8224 1284687 235602 0 1169910
../../benches/sr19/old/apn-sbox6-cut4-helpbox31-sc2018.cnf 0 1 299.558 53648 3146215 1726171 0 2843453
../../benches/sr19/old/AProVE07-26-sc2007.cnf 0 1 300.013 122305 9589563 1914122 0 9589563
../../benches/sr19/old/atco_enc1_opt2_20_12-sc2014.cnf 0 1 302.217 12245 557438 307327 0 557438
../../benches/sr19/old/atco_enc3_opt2_10_12-sc2014.cnf 0 1 297.29 2700 133804 30004 0 111206
../../benches/sr19/old/b_unsat-sc2013.cnf 0 1 299.885 14966 572934 345977 0 572934
../../benches/sr19/old/b04_s_2_unknown_pre-sc2013.cnf 0 1 299.539 14186 1360885 395269 0 1104462
../../benches/sr19/old/blockpuzzle_5x10_s3_free4-sc2017.cnf 0 1 299.919 182973 11546812 6070255 0 11080060
../../benches/sr19/old/blocks-blocks-36-0.120-NOTKNOWN-sc2011.cnf 0 1 296.364 2739 1412549 138392 0 1289154
../../benches/sr19/old/blocks-blocks-37-1.130-NOTKNOWN-sc2011.cnf 0 1 295.693 1837 1223993 109979 0 933934
../../benches/sr19/old/bob12s06-sc2013.cnf 0 1 299.282 5612 143994883 294320 0 74468205
../../benches/sr19/old/c6288mul.miter.shuffled-as.sat03-346-sc2002.cnf 0 1 299.951 84610 6776231 1427704 0 6539147
../../benches/sr19/old/connm-ue-csp-sat-n800-d0.02-s111845174.used-as.sat04-958-sc2011.cnf 0 1 299.995 84035 2668186 1970519 0 626230
../../benches/sr19/old/countbitsrotate032-sc2009.cnf 0 1 299.987 4806 682771 679871 0 372395
../../benches/sr19/old/countbitssrl032-sc2009.cnf 0 1 299.966 51476 2484940 1261106 0 1934571
../../benches/sr19/old/countbitswegner128-sc2011.cnf 0 1 299.864 57403 4207465 1423209 0 4084295
../../benches/sr19/old/course0.2_2018_3-sc2018.cnf 0 1 298.478 8632 1636801 210031 0 1589091
../../benches/sr19/old/ctl_4291_567_2_unsat_pre-sc2013.cnf 0 1 299.929 66852 2305885 1600987 0 2168198
../../benches/sr19/old/ctl_4291_567_2_unsat-sc2013.cnf 0 1 299.927 62956 2259729 1569794 0 2033823
../../benches/sr19/old/ctl_4291_567_5_unsat_pre-sc2014.cnf 0 1 299.925 82756 2568073 1803424 0 2253152
../../benches/sr19/old/custmulsb2x32o-sc2016.cnf 0 1 299.991 89914 1806985 1631782 0 1749549
../../benches/sr19/old/custmulun16x16o-sc2016.cnf 0 1 299.995 81769 3450387 1779489 0 3172245
../../benches/sr19/old/e_rphp035_05-sc2018.cnf 0 1 299.993 274409 37045015 10057407 0 36378484
../../benches/sr19/old/ecarev-110-1031-23-40-8-sc2018.cnf 0 1 299.882 116412 5301381 2160094 0 5119679
../../benches/sr19/old/edges-024-4-5613555-1-00-sc2014.cnf 0 1 299.997 214096 6535365 5159189 0 178772
../../benches/sr19/old/EDP3-70000-sc2014.cnf 0 1 296.474 6610 2729501 145693 0 2611046
../../benches/sr19/old/ex051_9-sc2018.cnf 0 1 299.792 95525 5326515 1948711 0 4859669
../../benches/sr19/old/ex145_11-sc2018.cnf 0 1 299.878 114904 7185316 2232022 0 6971762
../../benches/sr19/old/ex175_17-sc2018.cnf 0 1 287.711 6036 369955 112188 0 261094
../../benches/sr19/old/ex175_18-sc2018.cnf 0 1 289.205 4230 336325 105005 0 254424
../../benches/sr19/old/f10nidw-sc2012.cnf 0 1 298.461 31825 7474488 765567 0 7184825
../../benches/sr19/old/frb59-26-1.used-as.sat04-891-sc2011.cnf 0 1 299.935 50642 5628030 3857322 0 807283
../../benches/sr19/old/gss-33-s100-sc2009.cnf 0 1 299.956 3204 278690 272701 0 239152
../../benches/sr19/old/gto_p60c238-sc2018.cnf 0 1 299.996 250170 7785598 6606131 0 7533126
../../benches/sr19/old/gus-md5-14-sc2009.cnf 0 1 299.875 2550 164902 119395 0 153234
../../benches/sr19/old/hwb-n26-01-S1957858365.shuffled-as.sat03-1622-sc2002.cnf 0 1 299.997 113766 5110924 3931321 0 3435149
../../benches/sr19/old/hwb-n26-03-S540351185.sat05-490.reshuffled-07-sc2007.cnf 0 1 299.988 121141 5072212 3646781 0 4286623
../../benches/sr19/old/hwmcc10-timeframe-expansion-k45-pdtpmspalu-tseitin-sc2011.cnf 0 1 299.869 118034 14485112 1724211 0 13555125
../../benches/sr19/old/hwmcc15deep-6s516r-k18-sc2017.cnf 0 1 299.93 102337 37593140 3092669 0 36760220
../../benches/sr19/old/hwmcc15deep-oski15a10b10s-k22-sc2017.cnf 0 1 299.108 48091 8818757 718238 0 8812933
../../benches/sr19/old/IBM_FV_20002_31_1_rule_1_SAT_dat.k95-sc2007.cnf 0 1 299.701 64555 6617214 1434899 0 6147781
../../benches/sr19/old/IBM_FV_2004_rule_batch_2_31_2_SAT_dat.k45.debugged-sc2012.cnf 0 1 299.89 66753 4527720 1240431 0 4185551
../../benches/sr19/old/jgiraldezlevy.2200.9086.08.40.149-sr2015.cnf 0 1 299.989 87583 4070222 1628421 0 3944745
../../benches/sr19/old/k_unsat-sc2013.cnf 0 1 299.956 55595 2492826 1318491 0 2385871
../../benches/sr19/old/LABS_n066_goal005-sc2013.cnf 0 1 299.842 6625 665253 255100 0 618463
../../benches/sr19/old/LABS_n071_goal001-sc2013.cnf 0 1 299.808 7648 443652 224555 0 438193
../../benches/sr19/old/LABS_n087_goal008-sc2013.cnf 0 1 299.472 5219 542639 88976 0 451132
../../benches/sr19/old/LABS_n089_goal008-sc2013.cnf 0 1 299.415 4935 501734 75844 0 304144
../../benches/sr19/old/le450_15b.col.15-sc2018.cnf 0 1 299.975 113644 6801873 5995217 0 276783
../../benches/sr19/old/li-exam-63.shuffled-as.sat03-368-sc2002.cnf 0 1 299.915 47005 12762490 709460 0 12652810
../../benches/sr19/old/li-test4-99.shuffled-as.sat03-377-sc2002.cnf 0 1 299.865 37455 20158441 377417 0 18939467
../../benches/sr19/old/manthey_single-ordered-initialized-w50-b7-sr2015.cnf 0 1 299.966 45491 2496047 1444486 0 2290832
../../benches/sr19/old/MD5-29-4-sc2014.cnf 0 1 299.967 86465 32083473 1375734 0 31172711
../../benches/sr19/old/MD5-29-5-sc2014.cnf 0 1 299.968 89008 33037339 1403682 0 28605787
../../benches/sr19/old/minxorminand128-sc2009.cnf 0 1 299.763 42993 12742176 1362288 0 12241040
../../benches/sr19/old/mod2c-3cage-unsat-10-2.sat05-2567.reshuffled-07-sc2007.cnf 0 1 299.997 303237 12800996 9723610 0 21821
../../benches/sr19/old/mod2c-3cage-unsat-10-3.sat05-2568.reshuffled-07-sc2007.cnf 0 1 299.997 290638 12640129 9298311 0 17780
../../benches/sr19/old/mod4block_2vars_10gates_u2_autoenc-sc2009.cnf 0 1 299.942 160880 7722663 1986733 0 4751588
../../benches/sr19/old/mulhs016-sc2009.cnf 0 1 299.992 65054 3198371 1468359 0 2827603
../../benches/sr19/old/MUS-v310-4-sc2013.cnf 0 1 299.995 102482 4273477 2377742 0 62030
../../benches/sr19/old/Nb51T6-sc2018.cnf 0 1 292.521 447 285093 9327 0 275538
../../benches/sr19/old/ndhf_xits_16_UNKNOWN-sc2009.cnf 0 1 299.875 70156 2935142 2433708 0 997045
../../benches/sr19/old/newton.2.3.i.smt2-cvc4-sc2016.cnf 0 1 299.36 8012 410872 160951 0 383302
../../benches/sr19/old/par32-1-c.shuffled-as.sat03-1531-sc2002.cnf 0 1 299.995 108032 4784779 2919043 0 4147803
../../benches/sr19/old/partial-10-11-s-sc2007.cnf 0 1 299.499 33961 3327790 520058 0 3315902
../../benches/sr19/old/partial-10-11-u-sc2007.cnf 0 1 299.498 27203 2619842 590067 0 2616521
../../benches/sr19/old/partial-5-11-u-sc2007.cnf 0 1 299.579 23037 2571904 1018600 0 2562527
../../benches/sr19/old/partial-5-17-s-sc2007.cnf 0 1 299.432 28303 3168859 445846 0 3168859
../../benches/sr19/old/partial-5-19-u-sc2007.cnf 0 1 299.343 24521 3113481 382004 0 3113481
../../benches/sr19/old/ps_5000_21250_3_0_0.7_0_1.45_4-sc2017.cnf 0 1 299.985 86112 6377599 2288214 0 6103
../../benches/sr19/old/ps_5000_21250_3_0_0.8_0_1.55_2-sc2017.cnf 0 1 299.996 93432 4798357 2850130 0 4107777
../../benches/sr19/old/rbcl_xits_11_UNKNOWN-sc2009.cnf 0 1 299.962 83036 3947534 3103484 0 630482
../../benches/sr19/old/rbcl_xits_13_UNKNOWN-sc2009.cnf 0 1 299.953 78933 3867469 2975304 0 908128
../../benches/sr19/old/rbsat-v2100c215164g4-sc2011.cnf 0 1 299.956 37987 5264981 3570169 0 787067
../../benches/sr19/old/rbsat-v2400c266431g5-sc2009.cnf 0 1 299.915 27180 4723786 3479944 0 395530
../../benches/sr19/old/rphp5_100_shuffled-sc2016.cnf 0 1 299.989 136308 173538175 9732837 0 3016583
../../benches/sr19/old/rpoc_xits_11_UNKNOWN-sc2009.cnf 0 1 299.962 88997 3807699 3063949 0 874919
../../benches/sr19/old/rpoc_xits_12_UNKNOWN-sc2009.cnf 0 1 299.956 76635 3566397 3067262 0 859287
../../benches/sr19/old/rubikcube701-sc2017.cnf 0 1 299.971 76619 3010726 1475081 0 2720267
../../benches/sr19/old/rubikcube912-sc2017.cnf 0 1 299.973 66022 2831757 1338147 0 2220110
../../benches/sr19/old/safe-30-h29-unsat-sc2007.cnf 0 1 299.77 116606 9932655 2929309 0 9839404
../../benches/sr19/old/SAT_dat.k100-sc2012.cnf 0 1 299.539 40352 3022937 1050021 0 2835737
../../benches/sr19/old/SAT_dat.k85-sc2013.cnf 0 1 297.621 9510 1187240 210034 0 1155516
../../benches/sr19/old/Schur_160_5_d38-sc2016.cnf 0 1 299.981 98212 6160299 3564983 0 407045
../../benches/sr19/old/Schur_161_5_d22-sc2016.cnf 0 1 299.988 78771 6048862 3621102 0 375307
../../benches/sr19/old/sgen1-sat-180-100-sc2009.cnf 0 1 299.978 87586 5238124 3730500 0 43161
../../benches/sr19/old/sgen1-unsat-109-100-sc2009.cnf 0 1 299.987 181661 7148974 4828907 0 219996
../../benches/sr19/old/SGI_30_60_28_40_2-dir.shuffled-as.sat03-124-sc2002.cnf 0 1 299.985 133124 7309248 5995250 0 455768
../../benches/sr19/old/sha2.shuffled-as.sat03-442-sc2002.cnf 0 1 299.829 9526 1350150 207100 0 1328627
../../benches/sr19/old/sin.c.75.smt2-cvc4-sc2016.cnf 0 1 284.73 161 30850 5000 0 22616
../../benches/sr19/old/slp-synthesis-aes-bottom18-sc2011.cnf 0 1 299.92 75214 5094429 1514286 0 4997299
../../benches/sr19/old/slp-synthesis-aes-bottom22-sc2011.cnf 0 1 299.918 60990 5098485 1339702 0 4373944
../../benches/sr19/old/slp-synthesis-aes-bottom26-sc2011.cnf 0 1 299.87 49399 4698927 1214770 0 4545360
../../benches/sr19/old/slp-synthesis-aes-top21-sc2011.cnf 0 1 299.926 114170 5108639 1954270 0 4382839
../../benches/sr19/old/smtlib-qfbv-aigs-countbits128-tseitin-sc2011.cnf 0 1 299.872 51828 4064523 1335101 0 3665309
../../benches/sr19/old/snw_13_8_pre-sc2016.cnf 0 1 299.73 22650 979028 424624 0 827122
../../benches/sr19/old/snw_16_8_nopre-sc2016.cnf 0 1 299.299 2628 329804 105010 0 197988
../../benches/sr19/old/snw_16_8_pre-sc2016.cnf 0 1 298.711 5813 363517 104697 0 186737
../../benches/sr19/old/sokoban-p16.sas.ex.15-sc2016.cnf 0 1 293.319 3411 2161826 234032 0 1947472
../../benches/sr19/old/sokoban-p16.sas.ex.19-sc2016.cnf 0 1 291.373 3271 2252451 194564 0 2243195
../../benches/sr19/old/sokoban-p16.sas.ex.21-sc2016.cnf 0 1 290.436 2886 2058263 154359 0 1968122
../../benches/sr19/old/sokoban-p16.sas.ex.23-sc2016.cnf 0 1 289.37 2213 1928146 160037 0 1778442
../../benches/sr19/old/sokoban-p20.sas.cr.35-sc2016.cnf 0 1 299.283 4383 1965297 268269 0 1656924
../../benches/sr19/old/sokoban-p20.sas.ex.15-sc2016.cnf 0 1 293.273 3142 2319980 227192 0 2167300
../../benches/sr19/old/sokoban-p20.sas.ex.17-sc2016.cnf 0 1 292.533 3852 2641458 199152 0 2590086
../../benches/sr19/old/sokoban-p20.sas.ex.23-sc2016.cnf 0 1 291.574 2905 2581480 133209 0 2581480
../../benches/sr19/old/squ_any_s09x07_c27_abio_UNS-sc2017.cnf 0 1 299.979 103463 5013691 3655027 0 3228029
../../benches/sr19/old/srhd-sgi-m62-q1504.5-n60-p30-s88600538-sc2011.cnf 0 1 299.814 49719 3840055 3321150 0 401300
../../benches/sr19/old/stable-400-0.1-4-9876543214004-sc2014.cnf 0 1 299.959 61492 5576226 4473387 0 4903897
../../benches/sr19/old/sted1_0x0-380-sc2018.cnf 0 1 299.84 44996 3417009 1083282 0 3032456
../../benches/sr19/old/stone-width3chain-nmarkers-20_shuffled-sc2016.cnf 0 1 291.573 5890 4644143 275015 0 4273194
../../benches/sr19/old/T103.2.1-sc2017.cnf 0 1 293.218 1526 147015 50006 0 142408
../../benches/sr19/old/T169.1.0-sc2017.cnf 0 1 295.555 7405 27569612 90572 0 10361460
../../benches/sr19/old/test_v7_r12_vr10_c1_s18160.smt2-stp212-sc2016.cnf 0 1 299.287 38365 3462612 734772 0 3345315
../../benches/sr19/old/TimetableCNFEncoding_5_UNKNOWN-sc2018.cnf 0 1 299.004 31678 71805515 480463 0 57012061
../../benches/sr19/old/total-10-15-u-sc2007.cnf 0 1 299.211 47015 2846797 1326725 0 2794554
../../benches/sr19/old/tseitingrid7x160_shuffled-sc2016.cnf 0 1 299.99 389082 126200526 15357014 0 675959
../../benches/sr19/old/UCG-20-10p1-sc2009.cnf 0 1 298.982 10587 1112449 279092 0 1082141
../../benches/sr19/old/uniqinv47prop-sc2018.cnf 0 1 299.959 40395 4351739 1340839 0 3906528
../../benches/sr19/old/unsat-set-a-fclqcolor-20-13-14.sat05-1278.reshuffled-07-sc2007.cnf 0 1 299.983 116889 25115955 9465364 0 577553
../../benches/sr19/old/UR-20-5p1-sc2009.cnf 0 1 299.142 23134 1811012 407973 0 1769795
../../benches/sr19/old/UTI-20-10p0-sc2009.cnf 0 1 299.142 27127 2217691 466011 0 2217691
../../benches/sr19/old/UTI-20-10p1-sc2009.cnf 0 1 298.914 26338 2328499 450169 0 2096223
../../benches/sr19/old/UTI-20-5p0-sc2009.cnf 0 1 299.176 33802 3241843 774565 0 3126919
../../benches/sr19/old/vmpc_31-sc2007.cnf 0 1 299.95 72217 4850342 2380265 0 4044132
../../benches/sr19/old/vmpc_34.shuffled-as.sat05-1958-sc2005.cnf 0 1 299.915 70984 4828353 2245257 0 3731408
../../benches/sr19/old/vmpc_36.renamed-as.sat05-1922-sc2005.cnf 0 1 299.925 69631 4837560 2210117 0 4728412
../../benches/sr19/old/x2_128.shuffled-as.sat03-1598-sc2002.cnf 0 1 299.999 346834 22693973 6965989 0 181995
../../benches/sr19/new/Biere/eqbpdtlf14spdtlf14.cnf 0 1 299.987 79151 2705399 1563909 0 2561057
../../benches/sr19/new/Biere/eqbpdtlf16spdtlf16.cnf 0 1 299.966 71267 3031716 1498078 0 2841267
../../benches/sr19/new/Biere/eqbpdtlf18sparcl18.cnf 0 1 299.978 63234 2566816 1467042 0 1824896
../../benches/sr19/new/Biere/eqbpwtcl10spwtcl10.cnf 0 1 299.996 109530 3040456 1906555 0 2818916
../../benches/sr19/new/Biere/eqbpwtrc10spctbk10.cnf 0 1 299.996 99076 2726515 1912132 0 2562714
../../benches/sr19/new/Biere/eqsparcl12bpwtrc12.cnf 0 1 299.983 99779 2995091 1734734 0 2697240
../../benches/sr19/new/Biere/eqsparrc12bpdtlf12.cnf 0 1 299.994 111356 3162231 1786277 0 3074754
../../benches/sr19/new/Biere/eqsparrc14spctbk14.cnf 0 1 299.989 88910 3039343 1658607 0 2657062
../../benches/sr19/new/Biere/eqsparrc16spwtcl16.cnf 0 1 299.977 78167 2735969 1561370 0 2577194
../../benches/sr19/new/Biere/eqspctbk12bpwtrc12.cnf 0 1 299.994 95500 2766795 1632131 0 2617037
../../benches/sr19/new/Biere/eqspctbk14sparcl14.cnf 0 1 299.993 91269 2771041 1681788 0 2515472
../../benches/sr19/new/Biere/eqspctbk14spwtcl14.cnf 0 1 299.994 78534 2862079 1595351 0 2550843
../../benches/sr19/new/Biere/eqspdtlf14bpwtrc14.cnf 0 1 299.978 76148 2839546 1500122 0 2454607
../../benches/sr19/new/Biere/eqspwtcl14bpwtcl14.cnf 0 1 299.989 62347 2789037 1506936 0 2411726
../../benches/sr19/new/Biere/eqspwtrc16bparrc16.cnf 0 1 299.991 59233 2701593 1425625 0 2555315
../../benches/sr19/new/Chen/hcp_bij16_16.cnf 0 1 294.158 2343 4001780 221163 0 3382202
../../benches/sr19/new/Chen/hcp_CP16_16.cnf 0 1 299.855 32490 9649926 642808 0 9569774
../../benches/sr19/new/Chen/hcp_CP18_18.cnf 0 1 299.854 25613 8957912 401134 0 8957912
../../benches/sr19/new/Chen/hcp_CP20_20.cnf 0 1 299.669 18707 7782713 328504 0 6004151
../../benches/sr19/new/Chen/hcp_CP22_22.cnf 0 1 299.529 11393 5881330 275008 0 5857032
../../benches/sr19/new/Chen/hcp_CP24_24.cnf 0 1 299.332 11834 6682717 122214 0 3421079
../../benches/sr19/new/Chen/hcp_CP26_26.cnf 0 1 298.919 5154 3686398 65639 0 3488950
../../benches/sr19/new/Chen/hcp_d14_14.cnf 0 1 299.956 81634 15178464 1601058 0 15071335
../../benches/sr19/new/Chen/hcp_d16_16.cnf 0 1 299.937 85732 19684027 1572772 0 18491051
../../benches/sr19/new/Chen/hcp_d18_18.cnf 0 1 299.913 97196 27009484 1710255 0 24686284
../../benches/sr19/new/Chen/hcp_d20_20.cnf 0 1 299.947 98189 31682026 1650225 0 31682026
../../benches/sr19/new/Chen/hcp_d22_22.cnf 0 1 299.851 100523 37110974 1614729 0 34879619
../../benches/sr19/new/Chen/hcp_d24_24.cnf 0 1 299.789 91665 37698482 1439547 0 35629215
../../benches/sr19/new/Heule/MM-22.cnf 0 1 299.947 109474 24107069 1770564 0 2681666
../../benches/sr19/new/Heule/MM-23-2-2-2-2-3.cnf 0 1 299.969 122134 23881279 2211108 0 2157756
../../benches/sr19/new/Heule/MM-23-2-2-2-2-A.cnf 0 1 299.94 130396 25315980 2180207 0 2131626
../../benches/sr19/new/Heule/MM-23-2-2-2-2-B.cnf 0 1 299.939 127576 24816097 2210752 0 2312128
../../benches/sr19/new/Heule/MM-23-2-2-2-2-C.cnf 0 1 299.939 118050 23588631 2187832 0 2144029
../../benches/sr19/new/Heule/MM-23-2-2-2-2-D.cnf 0 1 299.942 115742 23400909 2264730 0 2282548
../../benches/sr19/new/Heule/MM-23-2-2-2-2-M.cnf 0 1 299.94 118726 24073178 2358193 0 2278815
../../benches/sr19/new/Heule/MM-23-2-2-2-3-4.cnf 0 1 299.933 124107 23981713 2270527 0 2160230
../../benches/sr19/new/Heule/MM-23-2-2-2-4-A.cnf 0 1 299.921 126945 25021635 2580058 0 2216408
../../benches/sr19/new/Heule/MM-23-2-2-2-4-B.cnf 0 1 299.935 124828 24701284 2408478 0 2174673
../../benches/sr19/new/Heule/MM-23-2-2-3-A.cnf 0 1 299.926 112794 23574037 2564986 0 2239247
../../benches/sr19/new/Heule/MM-23-2-2-3-B.cnf 0 1 299.929 112152 23227082 2584690 0 2092521
../../benches/sr19/new/Heule/MM-23-2-4-A.cnf 0 1 299.943 122789 24606965 2430132 0 2249682
../../benches/sr19/new/Heule/MM-23-2-4-B.cnf 0 1 299.926 127491 25212998 2249943 0 2214599
../../benches/sr19/new/Heule/MM-23-3-3-A.cnf 0 1 299.929 125003 24740995 2305511 0 2360558
../../benches/sr19/new/Heule/MM-23-3-3-B.cnf 0 1 299.938 116605 23679366 2304635 0 1980997
../../benches/sr19/new/Heule/MM-23-3-3-M.cnf 0 1 299.939 118883 24002144 2237866 0 2207274
../../benches/sr19/new/Heule/MM-23-3-3-N.cnf 0 1 299.937 125297 24840013 2222066 0 2272701
../../benches/sr19/new/Heule/MM-23-4-4-4-4-1.cnf 0 1 299.941 119549 22899921 2151154 0 2087949
../../benches/sr19/new/Heule/MM-23-5-A.cnf 0 1 299.94 126362 24933808 2121715 0 2298649
../../benches/sr19/new/Heule/MM-23-5-B.cnf 0 1 299.941 129670 25374973 2220680 0 2199994
../../benches/sr19/new/Heule/MM-23-no-type3.cnf 0 1 299.945 121788 27767652 1773415 0 26306340
../../benches/sr19/new/Manthey/sv-comp19_prop-reachsafety.barrier_3t_true-unreach-call.i-witness.cnf 0 1 252.726 136 3189202 2875 0 0
../../benches/sr19/new/Manthey/sv-comp19_prop-reachsafety.fib_bench_longest_false-unreach-call.i-witness.cnf 0 1 299.926 53313 6856683 1630087 0 6758582
../../benches/sr19/new/Manthey/sv-comp19_prop-reachsafety.newton_2_3_true-unreach-call_true-termination.i-witness.cnf 0 1 299.853 9411 342522 140012 0 302817
../../benches/sr19/new/Manthey/sv-comp19_prop-reachsafety.queue_longer_false-unreach-call.i-witness.cnf 0 1 274.845 199 40276 4585 0 40276
../../benches/sr19/new/Manthey/sv-comp19_prop-reachsafety.sigma_false-unreach-call.i-witness.cnf 0 1 296.178 4758 1879171 96291 0 1105117
../../benches/sr19/new/Manthey/sv-comp19_prop-reachsafety.triangular-longer_false-unreach-call.i-witness.cnf 0 1 299.958 73270 9007737 2799296 0 8743674
../../benches/sr19/new/Savicky/size_4_4_4_i0566_r8.cnf 0 1 299.996 109181 4874348 3094977 0 3211653
../../benches/sr19/new/Savicky/size_4_4_4_i2704_r8.cnf 0 1 299.999 112947 4776562 3035574 0 4362358
../../benches/sr19/new/Savicky/size_4_4_4_i3499_r8.cnf 0 1 299.996 110816 4982255 3265326 0 4018375
../../benches/sr19/new/Savicky/size_4_4_4_i4828_r8.cnf 0 1 299.994 108078 4995235 3245113 0 4896606
../../benches/sr19/new/Savicky/size_5_5_5_i116_r12.cnf 0 1 299.982 124329 8581693 3208342 0 4349114
../../benches/sr19/new/Savicky/size_5_5_5_i171_r12.cnf 0 1 299.993 126782 8303978 3074592 0 7684510
../../benches/sr19/new/Savicky/size_5_5_5_i198_r12.cnf 0 1 299.993 131436 8732789 2955287 0 7671830
../../benches/sr19/new/Savicky/size_5_5_5_i223_r12.cnf 0 1 300.004 135235 8950034 2850135 0 6122235
../../benches/sr19/new/Savicky/size_5_5_5_i235_r12.cnf 0 1 299.991 125457 8422036 2961112 0 5673021
../../benches/sr19/new/Savicky/size_5_5_5_i251_r12.cnf 0 1 299.982 117266 7695538 3333531 0 6797175
../../benches/sr19/new/Savicky/size_5_5_5_i260_r12.cnf 0 1 299.993 120884 7868520 3240250 0 7298271
../../benches/sr19/new/Savicky/size_5_5_5_i272_r12.cnf 0 1 299.993 125454 8079094 2651425 0 3472296
../../benches/sr19/new/Skladanivskyy/sha1r17m145ABCD.cnf 0 1 299.987 63646 2888729 1326386 0 2655665
../../benches/sr19/new/Skladanivskyy/sha1r17m146ABCD_p.cnf 0 1 299.993 70126 3093996 1363703 0 2641376
../../benches/sr19/new/Skladanivskyy/sha1r17m146ABCD.cnf 0 1 299.99 68694 3056382 1343660 0 2792399
../../benches/sr19/new/Skladanivskyy/sha1r17m147ABCD_p.cnf 0 1 299.993 78904 3454398 1503984 0 3435511
../../benches/sr19/new/Skladanivskyy/sha1r17m147ABCD.cnf 0 1 299.993 66535 3018730 1367946 0 2162719
../../benches/sr19/new/Skladanivskyy/sha1r17m148ABCD_p.cnf 0 1 299.991 64541 2977524 1338388 0 2674851
../../benches/sr19/new/Skladanivskyy/sha1r17m148ABCD.cnf 0 1 299.99 79292 3509397 1533544 0 2867292
../../benches/sr19/new/Skladanivskyy/sha1r17m149ABCD_p.cnf 0 1 299.988 64528 2929095 1326286 0 2750609
../../benches/sr19/new/Skladanivskyy/sha1r17m149ABCD.cnf 0 1 299.991 62319 2860574 1288818 0 2788248
../../benches/sr19/new/Skladanivskyy/sha1r17m63a_p.cnf 0 1 299.985 90508 3683429 1672410 0 3458179
../../benches/sr19/new/Skladanivskyy/sha1r17m66a.cnf 0 1 299.988 81863 3355509 1587493 0 2478120
../../benches/sr19/new/Skladanivskyy/sha1r17m67a.cnf 0 1 299.976 87926 3593043 1680122 0 3468257
../../benches/sr19/new/Skladanivskyy/sha1r17m75a_p.cnf 0 1 299.994 111565 4274750 1948992 0 2993635
../../benches/sr19/new/Skladanivskyy/sha1r17m75a.cnf 0 1 299.991 93679 3773482 1724966 0 3301113
../../benches/sr19/new/vonHolten/b1904P1-8x8c6h5SAT.cnf 0 1 299.763 38573 3359431 968672 0 3275603
../../benches/sr19/new/vonHolten/b1904P1-8x8c6h7SAT.cnf 0 1 299.786 40780 3150125 1024458 0 3109779
../../benches/sr19/new/vonHolten/b1904P2-8x8c9h5SAT.cnf 0 1 299.819 46656 3446575 1141353 0 2966203
../../benches/sr19/new/vonHolten/b1904P2-8x8c9h7UNSAT.cnf 0 1 299.813 55736 3258351 1255194 0 3061226
../../benches/sr19/new/vonHolten/b1904P3-8x8c11h0SAT.cnf 0 1 299.813 34935 3151933 994944 0 3119509
../../benches/sr19/new/vonHolten/b1904P3-8x8c11h7SAT.cnf 0 1 299.813 44624 3014427 1239812 0 2928351
../../benches/sr19/new/vonHolten/b1904P3-8x8c11h7UNSAT.cnf 0 1 299.812 38998 2509148 1171676 0 2308016
../../benches/sr19/new/Zaikin/ASG_96_len112_known_last13_2_u.cnf 0 1 299.974 29137 989701 976066 0 801662
../../benches/sr19/new/Zaikin/ASG_96_len112_known_last13_2.cnf 0 1 299.973 33425 1029492 1012504 0 966962
../../benches/sr19/new/Zaikin/Grain_no_init_ver1_out200_known_last104_0_u.cnf 0 1 299.978 94469 4543833 4227835 0 529878
../../benches/sr19/new/Zaikin/Grain_no_init_ver1_out200_known_last104_0.cnf 0 1 299.977 109873 3776927 3097655 0 90419
../../benches/sr19/new/Zaikin/Grain_no_init_ver1_out200_known_last105_0_u.cnf 0 1 299.96 88060 3474634 3201320 0 85634
../../benches/sr19/new/Zaikin/MASG_72_keystream76_0.cnf 0 1 299.966 24342 1447333 1444042 0 110571
../../benches/sr19/new/Zaikin/MASG0_72_keystream76_0.cnf 0 1 299.979 31202 1671721 1669263 0 223402
../../benches/sr19/new/Zaikin/Mickey_out250_known_last146_0_u.cnf 0 1 299.789 42722 5335384 1128076 0 4174198
../../benches/sr19/new/Zaikin/Mickey_out250_known_last146_0.cnf 0 1 299.708 37337 4737137 1056940 0 4560009
../../benches/sr19/new/Zaikin/Trivium_no_init_out350_known_last142_1_u.cnf 0 1 299.97 99890 3513263 2506442 0 2072599
../../benches/sr19/new/Zaikin/Trivium_no_init_out350_known_last142_1.cnf 0 1 299.985 104234 3574241 2532501 0 2891381
../../benches/sr19/new/Zaikin/Trivium_no_init_out350_known_last143_1_u.cnf 0 1 299.978 100474 3641389 2724530 0 2793834
../../benches/sr19/new/Zaikin/Trivium_no_init_out350_known_last143_1.cnf 0 1 299.984 104226 3475110 2532241 0 3458301
../../benches/sr19/new/Zhou/Eternity-10-06_c18.cnf 0 1 299.929 80755 4875168 2200943 0 4667830
../../benches/sr19/new/Zhou/Haystacks-ext-12_c18.cnf 0 1 299.992 260262 10908421 10230089 0 9409660
../../benches/sr19/new/Zhou/Haystacks-ext-13_c18.cnf 0 1 299.988 256572 10648334 10037159 0 8633
../../benches/sr19/new/Zhou/knight_14.cnf 0 1 299.98 93477 17430464 1589680 0 12922296
../../benches/sr19/new/Zhou/knight_16.cnf 0 1 299.61 16736 16634584 748199 0 16511080
../../benches/sr19/new/Zhou/knight_18.cnf 0 1 299.499 14241 17601570 596420 0 17203090
../../benches/sr19/new/Zhou/knight_20.cnf 0 1 298.912 10391 15773134 456328 0 15465047
../../benches/sr19/new/Zhou/Pb-chnl15-16_c18.cnf 0 1 299.996 395380 10479177 9025300 0 152648
../../benches/sr19/new/Zhou/Pb-chnl20-21_c18.cnf 0 1 299.984 325884 9587113 8325517 0 173712
../../benches/sr19/new/Zhou/QuasiGroup-4-10_c18.cnf 0 1 299.967 42025 2372407 1329362 0 2279637
../../benches/sr19/new/Zhou/SocialGolfers-6-6-6-cp_c18.cnf 0 1 299.973 77572 4625943 1549064 0 4625943
../../benches/sr19/new/Zhou/SocialGolfers-6-6-7-cp_c18.cnf 0 1 299.948 86255 5078343 1671798 0 4631168
../../benches/sr19/new/Zhou/Subisomorphism-g10-g23_c18.cnf 0 1 300.018 60068 5512565 3864231 0 5037233
../../benches/sr19/new/Zhou/Subisomorphism-g10-g27_c18.cnf 0 1 299.964 59657 5420833 3287780 0 5211388
../../benches/sr19/old/001-80-12-sc2014.cnf 0 1 299.743 133948 54196129 2416514 0 51816049
../../benches/sr19/old/002-80-8-sc2014.cnf 0 1 299.736 140851 53748927 2319496 0 52797992
../../benches/sr19/old/002-sc2013.cnf 0 1 299.933 125678 33977322 1803357 0 28987736
../../benches/sr19/old/003-sc2013.cnf 0 1 299.929 123801 38147442 1788243 0 33486846
../../benches/sr19/old/004-22-160-sc2014.cnf 0 1 299.929 121067 32613024 1745020 0 28150153
../../benches/sr19/old/004-80-8-sc2014.cnf 0 1 299.747 136643 53125351 2277859 0 40946991
../../benches/sr19/old/004-sc2013.cnf 0 1 299.932 123865 36289318 1772804 0 25259879
../../benches/sr19/old/006-23-96-sc2014.cnf 0 1 299.93 121630 37864623 1798165 0 29310858
../../benches/sr19/old/007-sc2013.cnf 0 1 299.949 125742 35126530 1770099 0 30538733
../../benches/sr19/old/008-80-8-sc2014.cnf 0 1 299.727 132774 58109588 2220415 0 53783944
../../benches/sr19/old/11pipe_11_ooo-sc2011.cnf 0 1 298.255 15714 2057846 415511 0 2045421
../../benches/sr19/old/20180322_164224543_p_cnf_320_1120-sc2018.cnf 0 1 299.991 79544 4534739 2061285 0 233895
../../benches/sr19/old/20180326_095804936_p_cnf_320_1120-sc2018.cnf 0 1 299.982 80267 4743297 2261393 0 195198
../../benches/sr19/old/24.4-sc2017.cnf 0 1 299.917 126080 33748192 1882467 0 29390278
../../benches/sr19/old/289-unsat-21x14-sc2011.cnf 0 1 299.981 59721 12239357 4186178 0 726933
../../benches/sr19/old/58bits_13.dimacs-sr2015.cnf 0 1 299.983 92978 3728887 1726842 0 2929339
../../benches/sr19/old/6-4-6-sc2018.cnf 0 1 299.896 39188 3127882 1148536 0 2843777
../../benches/sr19/old/62bits_14.dimacs-sr2015.cnf 0 1 299.98 107348 3682238 1808832 0 3450446
../../benches/sr19/old/6s126-opt-sc2014.cnf 0 1 299.058 38392 7706208 653615 0 7701098
../../benches/sr19/old/6s133-sc2014.cnf 0 1 299.926 142750 11419959 2553649 0 11409810
