../../benches/sr19/new/Bebel/toughsat_25bits_1.cnf 10 2 33.2316 7764 242960 129533 0 47669
../../benches/sr19/new/Bebel/toughsat_25bits_3.cnf 10 2 146.525 31149 941558 478889 0 382165
../../benches/sr19/new/Bebel/toughsat_26bits_0.cnf 10 2 268.784 31086 1204284 850366 0 1035471
../../benches/sr19/new/Bebel/toughsat_26bits_1.cnf 10 2 746.503 116611 3286227 1885495 0 2669836
../../benches/sr19/new/Bebel/toughsat_26bits_2.cnf 10 2 1201.06 136227 4203124 2685189 0 4185997
../../benches/sr19/new/Bebel/toughsat_26bits_3.cnf 10 2 66.0081 8687 383225 251354 0 330866
../../benches/sr19/new/Bebel/toughsat_27bits_0.cnf 10 2 1384.37 139710 5029030 2740145 0 4903800
../../benches/sr19/new/Bebel/toughsat_28bits_0.cnf 0 2 2000.05 127690 5813011 3961027 0 5279188
../../benches/sr19/new/Bebel/toughsat_29bits_0.cnf 0 2 1999.97 114031 6638157 4081396 0 5927128
../../benches/sr19/new/Bebel/toughsat_30bits_0.cnf 0 2 1999.97 165434 6803044 4550145 0 5392071
../../benches/sr19/new/Biere/cruxmiter29seed4.cnf 20 2 275.495 108455 5493042 3980014 0 5410932
../../benches/sr19/new/Biere/cruxmiter29seed9.cnf 0 2 1999.99 490019 20529855 17774460 0 949695
../../benches/sr19/new/Biere/cruxmiter32seed4.cnf 0 2 1999.96 429308 21964257 16530405 0 15683931
../../benches/sr19/new/Biere/eq2csparrc162cbpwtcl16.cnf 0 2 1999.96 377125 9885950 6939882 0 9548464
../../benches/sr19/new/Biere/eqbparrc12spctbk12.cnf 0 2 1999.99 362792 9247763 6842171 0 3413145
../../benches/sr19/new/Biere/eqbparrc14spwtcl14.cnf 0 2 1999.99 332890 10852490 6803270 0 9498454
../../benches/sr19/new/Biere/eqbparrc18spwtrc18.cnf 0 2 1999.97 292236 10159877 6276653 0 10144201
../../benches/sr19/new/Biere/eqbpdtlf12bparrc12.cnf 20 2 721.177 115896 5385139 3888469 0 5383411
../../benches/sr19/new/Biere/eqbpdtlf14bpwtcl14.cnf 0 2 1999.95 338036 11141718 7102527 0 11139032
../../benches/sr19/new/Biere/eqbpdtlf14spctbk14.cnf 0 2 1999.89 331201 9986701 6701393 0 9283173
../../benches/sr19/old/6s139-sc2013.cnf 20 2 1983.84 81337 633427336 2067329 0 631330255
../../benches/sr19/old/6s20-sc2013.cnf 20 2 453.266 99890 4727594 2048394 0 4690672
../../benches/sr19/old/9_50-sc2017.cnf 10 2 381.412 98566 5659176 3016320 0 5595964
../../benches/sr19/old/9dlx_vliw_at_b_iq8-sc2007.cnf 0 2 1996.64 117779 50830131 4666052 0 50623414
../../benches/sr19/old/9pipe_k-sc2012.cnf 20 2 1337.12 119066 23410198 4792552 0 22898390
../../benches/sr19/old/aaai10-planning-ipc5-pathways-17-step21-sc2011.cnf 10 2 117.908 21659 1193619 603795 0 1104148
../../benches/sr19/old/aaai10-planning-ipc5-TPP-21-step11-sc2011.cnf 20 2 162.379 5521 376729 234480 0 344818
../../benches/sr19/old/ACG-20-10p1-sc2009.cnf 10 2 525.951 6996 615419 251650 0 573559
../../benches/sr19/old/ae_rphp095_04-sc2018.cnf 0 2 1999.97 827039 358683377 47781226 0 350366577
../../benches/sr19/old/aes_24_4_keyfind_5-sc2014.cnf 0 2 1999.96 223272 6746853 5358252 0 222280
../../benches/sr19/old/aes_32_3_keyfind_1-sc2011.cnf 0 2 1999.99 433392 13575822 9838518 0 12556577
../../benches/sr19/old/aes_equiv_encry_3_rounds.debugged-sc2012.cnf 20 2 208.688 44523 4876450 1255626 0 4536207
../../benches/sr19/old/ak128astepbg2msaig-sc2016.cnf 0 2 1999.73 106190 14527932 2165849 0 14088660
../../benches/sr19/old/ak128modasbg2asisc-sc2016.cnf 0 2 1999.69 100045 14198337 2362516 0 14073625
../../benches/sr19/old/apn-sbox6-cut4-helpbox31-sc2018.cnf 0 2 1999.74 246557 12572135 8359457 0 12345443
../../benches/sr19/old/AProVE07-26-sc2007.cnf 0 2 1999.97 439506 35636358 8730126 0 35413744
../../benches/sr19/old/atco_enc1_opt2_20_12-sc2014.cnf 20 2 1587.34 105563 4150403 2484129 0 3956156
../../benches/sr19/old/atco_enc3_opt2_10_12-sc2014.cnf 20 2 1187.31 6857 394325 202117 0 371869
../../benches/sr19/old/b_unsat-sc2013.cnf 20 2 932.067 25897 1405362 1022535 0 1336843
../../benches/sr19/old/b04_s_2_unknown_pre-sc2013.cnf 0 2 1999.52 77542 6652163 1967132 0 6141826
../../benches/sr19/old/blockpuzzle_5x10_s3_free4-sc2017.cnf 20 2 1957.79 1231494 62809594 31560203 0 62254934
../../benches/sr19/old/blocks-blocks-36-0.120-NOTKNOWN-sc2011.cnf 20 2 1861.78 13181 4344479 798482 0 4140051
../../benches/sr19/old/blocks-blocks-37-1.130-NOTKNOWN-sc2011.cnf 20 2 1385.73 6836 3312500 512469 0 2912629
../../benches/sr19/old/bob12s06-sc2013.cnf 0 2 1999.57 148843 611351007 3599042 0 611175062
../../benches/sr19/old/c6288mul.miter.shuffled-as.sat03-346-sc2002.cnf 0 2 1999.94 282066 21211136 5557746 0 20475034
../../benches/sr19/old/connm-ue-csp-sat-n800-d0.02-s111845174.used-as.sat04-958-sc2011.cnf 0 2 1999.98 267491 8319701 7263715 0 180295
../../benches/sr19/old/countbitsrotate032-sc2009.cnf 0 2 1999.98 41651 5040957 5037048 0 201121
../../benches/sr19/old/countbitssrl032-sc2009.cnf 20 2 52.9083 5733 338236 227277 0 300991
../../benches/sr19/old/countbitswegner128-sc2011.cnf 0 2 1999.96 434036 22449877 8364472 0 21893927
../../benches/sr19/old/course0.2_2018_3-sc2018.cnf 10 2 839.839 31013 5606775 627504 0 5485231
../../benches/sr19/old/ctl_4291_567_2_unsat_pre-sc2013.cnf 20 2 1631.3 257539 8997449 6650309 0 8624678
../../benches/sr19/old/ctl_4291_567_2_unsat-sc2013.cnf 20 2 1468.6 212724 7884455 5930811 0 7684313
../../benches/sr19/old/ctl_4291_567_5_unsat_pre-sc2014.cnf 0 2 1999.82 395095 11737748 8282118 0 11046571
../../benches/sr19/old/custmulsb2x32o-sc2016.cnf 0 2 1999.97 413403 8994506 7576284 0 7769887
../../benches/sr19/old/custmulun16x16o-sc2016.cnf 0 2 1999.98 360684 12612629 7587407 0 10350187
../../benches/sr19/old/e_rphp035_05-sc2018.cnf 20 2 213.2 332855 20625112 8281348 0 20610346
../../benches/sr19/old/ecarev-110-1031-23-40-8-sc2018.cnf 10 2 186.775 27468 1658379 849504 0 1606495
../../benches/sr19/old/edges-024-4-5613555-1-00-sc2014.cnf 0 2 1999.89 797265 22955274 20188251 0 106187
../../benches/sr19/old/EDP3-70000-sc2014.cnf 0 2 1996.51 30400 12442186 1106085 0 10203926
../../benches/sr19/old/ex051_9-sc2018.cnf 0 2 1999.83 282141 16243487 6775825 0 15546635
../../benches/sr19/old/ex145_11-sc2018.cnf 0 2 1999.86 396209 24072661 7921296 0 23811832
../../benches/sr19/old/ex175_17-sc2018.cnf 0 2 1995.08 89733 5319235 1916865 0 4874613
../../benches/sr19/old/ex175_18-sc2018.cnf 0 2 1998 97060 6451790 2020775 0 6451790
../../benches/sr19/old/f10nidw-sc2012.cnf 20 2 283.048 35381 7917954 1087446 0 7239812
../../benches/sr19/old/frb59-26-1.used-as.sat04-891-sc2011.cnf 0 2 1999.93 254602 23587961 17392850 0 397990
../../benches/sr19/old/gss-33-s100-sc2009.cnf 0 2 1999.96 34876 2248945 2232252 0 2086947
../../benches/sr19/old/gto_p60c238-sc2018.cnf 20 2 84.2087 82892 2519779 2189298 0 2458903
../../benches/sr19/old/gus-md5-14-sc2009.cnf 0 2 1999.9 24461 2033677 921236 0 2010679
../../benches/sr19/old/hwb-n26-01-S1957858365.shuffled-as.sat03-1622-sc2002.cnf 20 2 468.508 170793 6179935 5265653 0 6092739
../../benches/sr19/old/hwb-n26-03-S540351185.sat05-490.reshuffled-07-sc2007.cnf 20 2 1863.08 427525 16436960 13525916 0 16408160
../../benches/sr19/old/hwmcc10-timeframe-expansion-k45-pdtpmspalu-tseitin-sc2011.cnf 0 2 1999.9 466144 69644952 7455911 0 67109371
../../benches/sr19/old/hwmcc15deep-6s516r-k18-sc2017.cnf 20 2 501.367 247282 72598356 5649206 0 70211189
../../benches/sr19/old/hwmcc15deep-oski15a10b10s-k22-sc2017.cnf 0 2 1999.77 229426 27727870 5215116 0 27553481
../../benches/sr19/old/IBM_FV_20002_31_1_rule_1_SAT_dat.k95-sc2007.cnf 0 2 1999.87 225064 20757127 5459011 0 19750733
../../benches/sr19/old/IBM_FV_2004_rule_batch_2_31_2_SAT_dat.k45.debugged-sc2012.cnf 0 2 1999.96 189083 13596464 4964446 0 13479317
../../benches/sr19/old/jgiraldezlevy.2200.9086.08.40.149-sr2015.cnf 10 2 84.7273 24044 1183804 582396 0 808577
../../benches/sr19/old/k_unsat-sc2013.cnf 0 2 1999.87 202651 9330471 5442887 0 9083627
../../benches/sr19/old/LABS_n066_goal005-sc2013.cnf 0 2 1999.85 85060 6780358 1702543 0 6161741
../../benches/sr19/old/LABS_n071_goal001-sc2013.cnf 0 2 1999.81 76247 3573680 1793436 0 3406845
../../benches/sr19/old/LABS_n087_goal008-sc2013.cnf 10 2 407.274 8017 869473 155669 0 838372
../../benches/sr19/old/LABS_n089_goal008-sc2013.cnf 10 2 178.195 1553 206462 50063 0 182684
../../benches/sr19/old/le450_15b.col.15-sc2018.cnf 0 2 1999.87 730985 37857747 33303116 0 211567
../../benches/sr19/old/li-exam-63.shuffled-as.sat03-368-sc2002.cnf 0 2 1999.92 155574 39248874 4456709 0 35126755
../../benches/sr19/old/li-test4-99.shuffled-as.sat03-377-sc2002.cnf 0 2 1999.95 121346 71825729 2850166 0 71700309
../../benches/sr19/old/manthey_single-ordered-initialized-w50-b7-sr2015.cnf 20 2 1002.96 81531 5530323 3996412 0 5271982
../../benches/sr19/old/MD5-29-4-sc2014.cnf 0 2 1999.94 213901 88260976 6136982 0 87141999
../../benches/sr19/old/MD5-29-5-sc2014.cnf 0 2 1999.96 206348 85545825 6075642 0 73545955
../../benches/sr19/old/minxorminand128-sc2009.cnf 20 2 1385.24 182844 38144897 5786547 0 37546299
../../benches/sr19/old/mod2c-3cage-unsat-10-2.sat05-2567.reshuffled-07-sc2007.cnf 20 2 416.282 335447 20599046 15359855 0 20549832
../../benches/sr19/old/mod2c-3cage-unsat-10-3.sat05-2568.reshuffled-07-sc2007.cnf 20 2 922.896 915603 34192712 26290673 0 34156765
../../benches/sr19/old/mod4block_2vars_10gates_u2_autoenc-sc2009.cnf 10 2 16.4026 4054 350652 156711 0 340451
../../benches/sr19/old/mulhs016-sc2009.cnf 0 2 1999.91 237973 11319906 5679451 0 10564268
../../benches/sr19/old/MUS-v310-4-sc2013.cnf 0 2 1999.98 394862 13091225 8246518 0 12917761
../../benches/sr19/old/Nb51T6-sc2018.cnf 0 2 1997.5 6774 598991 217883 0 598991
../../benches/sr19/old/ndhf_xits_16_UNKNOWN-sc2009.cnf 0 2 1999.75 271687 13507342 11587490 0 460004
../../benches/sr19/old/newton.2.3.i.smt2-cvc4-sc2016.cnf 0 2 1999.59 18774 1236224 806833 0 1199371
../../benches/sr19/old/par32-1-c.shuffled-as.sat03-1531-sc2002.cnf 0 2 1999.98 447717 18559526 12220401 0 14711993
../../benches/sr19/old/partial-10-11-s-sc2007.cnf 20 2 2.77787 12 11943 5116 0 3315902
../../benches/sr19/old/partial-10-11-u-sc2007.cnf 0 2 1999.87 91620 9325375 4500888 0 9212213
../../benches/sr19/old/partial-5-11-u-sc2007.cnf 0 2 1999.93 335152 16417680 8673195 0 16168309
../../benches/sr19/old/partial-5-17-s-sc2007.cnf 10 2 1229.76 90266 11282250 1974341 0 11201167
../../benches/sr19/old/partial-5-19-u-sc2007.cnf 0 2 1999.82 105315 15579454 3552552 0 15387518
../../benches/sr19/old/ps_5000_21250_3_0_0.7_0_1.45_4-sc2017.cnf 0 2 1999.97 364833 24487925 8861215 0 18753
../../benches/sr19/old/ps_5000_21250_3_0_0.8_0_1.55_2-sc2017.cnf 20 2 1512.27 404589 16314791 9304559 0 16273151
../../benches/sr19/old/rbcl_xits_11_UNKNOWN-sc2009.cnf 0 2 1999.96 322895 17750649 14304100 0 13780643
../../benches/sr19/old/rbcl_xits_13_UNKNOWN-sc2009.cnf 0 2 1999.92 295255 19134361 15512327 0 17584292
../../benches/sr19/old/rbsat-v2100c215164g4-sc2011.cnf 0 2 1999.92 212210 25748633 18046477 0 420418
../../benches/sr19/old/rbsat-v2400c266431g5-sc2009.cnf 0 2 1999.91 174545 26877004 19738025 0 404703
../../benches/sr19/old/rphp5_100_shuffled-sc2016.cnf 0 2 1999.97 640870 686320155 40066036 0 3135260
../../benches/sr19/old/rpoc_xits_11_UNKNOWN-sc2009.cnf 0 2 1999.95 299236 17342263 14808724 0 16106659
../../benches/sr19/old/rpoc_xits_12_UNKNOWN-sc2009.cnf 0 2 1999.95 284948 17780084 15741392 0 342990
../../benches/sr19/old/rubikcube701-sc2017.cnf 0 2 1999.97 168166 7580514 5115482 0 7578587
../../benches/sr19/old/rubikcube912-sc2017.cnf 0 2 1999.97 131598 7096903 4283475 0 7037379
../../benches/sr19/old/safe-30-h29-unsat-sc2007.cnf 0 2 1999.97 919560 67818701 21782078 0 37092061
../../benches/sr19/old/SAT_dat.k100-sc2012.cnf 20 2 108.533 15393 766867 349246 0 665722
../../benches/sr19/old/SAT_dat.k85-sc2013.cnf 20 2 1699.75 90415 5172837 1489040 0 4780924
../../benches/sr19/old/Schur_160_5_d38-sc2016.cnf 10 2 103.242 47124 2572061 1389690 0 399223
../../benches/sr19/old/Schur_161_5_d22-sc2016.cnf 0 2 1999.93 324476 25532067 15692809 0 348385
../../benches/sr19/old/sgen1-sat-180-100-sc2009.cnf 0 2 1999.92 342895 19149820 14020920 0 150065
../../benches/sr19/old/sgen1-unsat-109-100-sc2009.cnf 0 2 1999.84 796916 25798725 20225518 0 109955
../../benches/sr19/old/SGI_30_60_28_40_2-dir.shuffled-as.sat03-124-sc2002.cnf 0 2 1999.97 768095 34358953 28152194 0 18881952
../../benches/sr19/old/sha2.shuffled-as.sat03-442-sc2002.cnf 0 2 1999.88 48446 4706456 2595068 0 4251669
../../benches/sr19/old/sin.c.75.smt2-cvc4-sc2016.cnf 0 2 1985.4 5190 9821846 253875 0 9821846
../../benches/sr19/old/slp-synthesis-aes-bottom18-sc2011.cnf 0 2 2000.02 329949 20107466 6990256 0 20107466
../../benches/sr19/old/slp-synthesis-aes-bottom22-sc2011.cnf 0 2 1999.95 294393 24401576 6226719 0 24078378
../../benches/sr19/old/slp-synthesis-aes-bottom26-sc2011.cnf 0 2 1999.92 291573 24600840 6264226 0 23492327
../../benches/sr19/old/slp-synthesis-aes-top21-sc2011.cnf 0 2 1999.93 416985 18342785 9650822 0 18329844
../../benches/sr19/old/smtlib-qfbv-aigs-countbits128-tseitin-sc2011.cnf 0 2 1999.96 390479 20306233 7609435 0 20223005
../../benches/sr19/old/snw_13_8_pre-sc2016.cnf 20 2 1386.05 58547 2558495 1674301 0 2354879
../../benches/sr19/old/snw_16_8_nopre-sc2016.cnf 0 2 1998.5 21684 1285377 657739 0 1201586
../../benches/sr19/old/snw_16_8_pre-sc2016.cnf 0 2 1998.4 18114 1144947 641066 0 1082066
../../benches/sr19/old/sokoban-p16.sas.ex.15-sc2016.cnf 20 2 1463.4 27266 9127221 1374542 0 8269355
../../benches/sr19/old/sokoban-p16.sas.ex.19-sc2016.cnf 10 2 439.343 5550 3460274 337421 0 2469687
../../benches/sr19/old/sokoban-p16.sas.ex.21-sc2016.cnf 0 2 1998.06 37036 19055100 1614561 0 16245011
../../benches/sr19/old/sokoban-p16.sas.ex.23-sc2016.cnf 0 2 1997.73 42917 22652999 1732958 0 20587394
../../benches/sr19/old/sokoban-p20.sas.cr.35-sc2016.cnf 0 2 1999.56 40291 13959916 1693358 0 12619907
../../benches/sr19/old/sokoban-p20.sas.ex.15-sc2016.cnf 0 2 1998.52 57597 24020137 2046884 0 23526133
../../benches/sr19/old/sokoban-p20.sas.ex.17-sc2016.cnf 0 2 1998.04 61287 29156992 2122372 0 26994125
../../benches/sr19/old/sokoban-p20.sas.ex.23-sc2016.cnf 0 2 1996.82 39180 26190479 1609757 0 25669353
../../benches/sr19/old/squ_any_s09x07_c27_abio_UNS-sc2017.cnf 20 2 530.595 143241 6037763 4761115 0 6000250
../../benches/sr19/old/srhd-sgi-m62-q1504.5-n60-p30-s88600538-sc2011.cnf 0 2 1999.79 285671 24559759 21528444 0 395184
../../benches/sr19/old/stable-400-0.1-4-9876543214004-sc2014.cnf 0 2 1999.94 769874 43329741 34224132 0 272273
../../benches/sr19/old/sted1_0x0-380-sc2018.cnf 0 2 1999.8 195856 14822790 5327877 0 11480339
../../benches/sr19/old/stone-width3chain-nmarkers-20_shuffled-sc2016.cnf 0 2 1992.71 47561 46384548 3160433 0 40203712
../../benches/sr19/old/T103.2.1-sc2017.cnf 20 2 1754.65 23488 7296534 487734 0 6905439
../../benches/sr19/old/T169.1.0-sc2017.cnf 10 2 102.906 1861 9678845 47005 0 8652906
../../benches/sr19/old/test_v7_r12_vr10_c1_s18160.smt2-stp212-sc2016.cnf 0 2 1999.55 123974 11477599 3321139 0 11221441
../../benches/sr19/old/TimetableCNFEncoding_5_UNKNOWN-sc2018.cnf 0 2 1998.91 131814 408854001 7309799 0 401963398
../../benches/sr19/old/total-10-15-u-sc2007.cnf 0 2 1999.96 375698 19924063 11987435 0 19791378
../../benches/sr19/old/tseitingrid7x160_shuffled-sc2016.cnf 0 2 1999.96 2122565 475504050 72752406 0 491646
../../benches/sr19/old/UCG-20-10p1-sc2009.cnf 10 2 226.41 5215 461329 240937 0 428979
../../benches/sr19/old/uniqinv47prop-sc2018.cnf 0 2 1999.97 255752 23525378 5866224 0 23166963
../../benches/sr19/old/unsat-set-a-fclqcolor-20-13-14.sat05-1278.reshuffled-07-sc2007.cnf 0 2 1999.97 417760 110013272 43628867 0 567884
../../benches/sr19/old/UR-20-5p1-sc2009.cnf 10 2 94.7076 4889 364395 149273 0 315164
../../benches/sr19/old/UTI-20-10p0-sc2009.cnf 20 2 211.208 18435 1431798 558264 0 1358903
../../benches/sr19/old/UTI-20-10p1-sc2009.cnf 10 2 611.716 49808 3893533 1504248 0 3769148
../../benches/sr19/old/UTI-20-5p0-sc2009.cnf 20 2 229.7 20571 1873051 823586 0 1799906
../../benches/sr19/old/vmpc_31-sc2007.cnf 0 2 1999.86 271911 18282166 9155866 0 18273809
../../benches/sr19/old/vmpc_34.shuffled-as.sat05-1958-sc2005.cnf 0 2 1999.94 264418 19816281 9383169 0 18953816
../../benches/sr19/old/vmpc_36.renamed-as.sat05-1922-sc2005.cnf 0 2 1999.9 264006 21140390 9870408 0 19489692
../../benches/sr19/old/x2_128.shuffled-as.sat03-1598-sc2002.cnf 0 2 1999.99 1299711 88937814 38599548 0 429849
../../benches/sr19/new/Biere/eqbpdtlf14spdtlf14.cnf 0 2 1999.99 350354 10654354 6998687 0 9233900
../../benches/sr19/new/Biere/eqbpdtlf16spdtlf16.cnf 0 2 1999.98 267171 9711508 6289867 0 9040655
../../benches/sr19/new/Biere/eqbpdtlf18sparcl18.cnf 0 2 1999.98 310400 8671658 6336444 0 7286164
../../benches/sr19/new/Biere/eqbpwtcl10spwtcl10.cnf 20 2 213.88 77169 2235203 1787132 0 2161929
../../benches/sr19/new/Biere/eqbpwtrc10spctbk10.cnf 20 2 138.664 25053 1243060 1070971 0 1221231
../../benches/sr19/new/Biere/eqsparcl12bpwtrc12.cnf 0 2 1999.98 492765 12267252 7911543 0 11914135
../../benches/sr19/new/Biere/eqsparrc12bpdtlf12.cnf 0 2 1999.96 394711 10437205 7276750 0 7202796
../../benches/sr19/new/Biere/eqsparrc14spctbk14.cnf 0 2 1999.98 371626 10781710 6960481 0 10726393
../../benches/sr19/new/Biere/eqsparrc16spwtcl16.cnf 0 2 1999.97 357489 9258667 6695377 0 7897773
../../benches/sr19/new/Biere/eqspctbk12bpwtrc12.cnf 0 2 1999.98 392033 9783590 7117178 0 8829039
../../benches/sr19/new/Biere/eqspctbk14sparcl14.cnf 0 2 1999.98 394629 10699593 7183799 0 10558273
../../benches/sr19/new/Biere/eqspctbk14spwtcl14.cnf 0 2 1999.98 265134 9124237 5793631 0 8804094
../../benches/sr19/new/Biere/eqspdtlf14bpwtrc14.cnf 0 2 1999.93 308011 9453518 6387877 0 8969761
../../benches/sr19/new/Biere/eqspwtcl14bpwtcl14.cnf 0 2 1999.97 301863 9174047 6158765 0 9049726
../../benches/sr19/new/Biere/eqspwtrc16bparrc16.cnf 0 2 1999.97 307278 9364500 6262515 0 4837400
../../benches/sr19/new/Chen/hcp_bij16_16.cnf 0 2 1998.1 47640 59546559 2608886 0 59546559
../../benches/sr19/new/Chen/hcp_CP16_16.cnf 10 2 98.4849 6212 1961129 253228 0 1945093
../../benches/sr19/new/Chen/hcp_CP18_18.cnf 10 2 1706.94 94986 35847700 2910656 0 35503420
../../benches/sr19/new/Chen/hcp_CP20_20.cnf 0 2 1999.68 100960 44890981 2906817 0 44454715
../../benches/sr19/new/Chen/hcp_CP22_22.cnf 0 2 1999.48 97961 49029786 1902836 0 47536590
../../benches/sr19/new/Chen/hcp_CP24_24.cnf 0 2 1999.36 45475 27941787 1222934 0 26983719
../../benches/sr19/new/Chen/hcp_CP26_26.cnf 0 2 1998.92 35624 23665158 508544 0 22234064
../../benches/sr19/new/Chen/hcp_d14_14.cnf 0 2 1999.92 230169 47153763 6782055 0 46004840
../../benches/sr19/new/Chen/hcp_d16_16.cnf 0 2 1999.92 278614 68740510 7157765 0 68688548
../../benches/sr19/new/Chen/hcp_d18_18.cnf 0 2 1999.94 312085 91706540 7505886 0 89272416
../../benches/sr19/new/Chen/hcp_d20_20.cnf 0 2 1999.92 325316 111422924 7468446 0 106852500
../../benches/sr19/new/Chen/hcp_d22_22.cnf 0 2 1999.89 352869 138748036 7748139 0 135711417
../../benches/sr19/new/Chen/hcp_d24_24.cnf 0 2 1999.87 335941 149667826 7448870 0 144351665
../../benches/sr19/new/Heule/MM-22.cnf 0 2 1999.88 480513 109836063 10572280 0 1890705
../../benches/sr19/new/Heule/MM-23-2-2-2-2-3.cnf 0 2 1999.9 425516 88262673 10635424 0 1946852
../../benches/sr19/new/Heule/MM-23-2-2-2-2-A.cnf 0 2 1999.9 444667 93368563 11187728 0 1765773
../../benches/sr19/new/Heule/MM-23-2-2-2-2-B.cnf 0 2 1999.79 434916 93633168 12694810 0 1749189
../../benches/sr19/new/Heule/MM-23-2-2-2-2-C.cnf 0 2 1999.9 431004 91832841 11544648 0 1813497
../../benches/sr19/new/Heule/MM-23-2-2-2-2-D.cnf 0 2 1999.9 393862 86622058 11828137 0 1717155
../../benches/sr19/new/Heule/MM-23-2-2-2-2-M.cnf 0 2 1999.9 416750 90112620 11607700 0 1747323
../../benches/sr19/new/Heule/MM-23-2-2-2-3-4.cnf 0 2 1999.93 428446 88332567 11390043 0 1676433
../../benches/sr19/new/Heule/MM-23-2-2-2-4-A.cnf 0 2 1999.69 422370 90912999 13114038 0 1839547
../../benches/sr19/new/Heule/MM-23-2-2-2-4-B.cnf 0 2 1999.81 417374 90544810 13120110 0 1720982
../../benches/sr19/new/Heule/MM-23-2-2-3-A.cnf 0 2 1999.77 386145 88829553 14434636 0 1884814
../../benches/sr19/new/Heule/MM-23-2-2-3-B.cnf 0 2 1999.76 375806 84889691 12746826 0 1659562
../../benches/sr19/new/Heule/MM-23-2-4-A.cnf 0 2 1999.91 425423 89745749 10692046 0 1786652
../../benches/sr19/new/Heule/MM-23-2-4-B.cnf 0 2 1999.96 457000 95203231 11175254 0 1710450
../../benches/sr19/new/Heule/MM-23-3-3-A.cnf 0 2 1999.78 460244 95269808 11060443 0 1627836
../../benches/sr19/new/Heule/MM-23-3-3-B.cnf 0 2 1999.86 407512 88951535 11720912 0 1716641
../../benches/sr19/new/Heule/MM-23-3-3-M.cnf 0 2 1999.95 404902 87513897 10731270 0 1683003
../../benches/sr19/new/Heule/MM-23-3-3-N.cnf 0 2 1999.91 453912 95614104 11712624 0 1844670
../../benches/sr19/new/Heule/MM-23-4-4-4-4-1.cnf 0 2 1999.98 394099 78535136 9238796 0 1797935
../../benches/sr19/new/Heule/MM-23-5-A.cnf 0 2 1999.96 433841 92806874 11733036 0 1880195
../../benches/sr19/new/Heule/MM-23-5-B.cnf 0 2 1999.91 435641 90938407 10254405 0 1795873
../../benches/sr19/new/Heule/MM-23-no-type3.cnf 0 2 1999.87 543099 126631059 9712723 0 16189671
../../benches/sr19/new/Manthey/sv-comp19_prop-reachsafety.barrier_3t_true-unreach-call.i-witness.cnf 10 2 1526.54 1173 987447 31943 0 327765
../../benches/sr19/new/Manthey/sv-comp19_prop-reachsafety.fib_bench_longest_false-unreach-call.i-witness.cnf 10 2 121.58 17582 1929080 627931 0 1850235
../../benches/sr19/new/Manthey/sv-comp19_prop-reachsafety.newton_2_3_true-unreach-call_true-termination.i-witness.cnf 20 2 39.2983 1603 94840 35532 0 85118
../../benches/sr19/new/Manthey/sv-comp19_prop-reachsafety.queue_longer_false-unreach-call.i-witness.cnf 10 2 782.378 185 389663 8438 0 42827
../../benches/sr19/new/Manthey/sv-comp19_prop-reachsafety.sigma_false-unreach-call.i-witness.cnf 10 2 820.211 46719 7092135 582733 0 6972153
../../benches/sr19/new/Manthey/sv-comp19_prop-reachsafety.triangular-longer_false-unreach-call.i-witness.cnf 10 2 75.2631 14741 2085018 703120 0 1849831
../../benches/sr19/new/Savicky/size_4_4_4_i0566_r8.cnf 20 2 277.67 98898 3880572 2735141 0 3781561
../../benches/sr19/new/Savicky/size_4_4_4_i2704_r8.cnf 20 2 106.845 27096 1465378 1120713 0 1337619
../../benches/sr19/new/Savicky/size_4_4_4_i3499_r8.cnf 20 2 120.83 48352 1923346 1406822 0 1921652
../../benches/sr19/new/Savicky/size_4_4_4_i4828_r8.cnf 20 2 89.9929 37047 1609669 1199978 0 1471537
../../benches/sr19/new/Savicky/size_5_5_5_i116_r12.cnf 10 2 450.095 110045 8239341 3796549 0 5308659
../../benches/sr19/new/Savicky/size_5_5_5_i171_r12.cnf 10 2 15.8883 7091 506523 182229 0 453804
../../benches/sr19/new/Savicky/size_5_5_5_i198_r12.cnf 0 2 1999.9 432613 28499751 11222818 0 25984605
../../benches/sr19/new/Savicky/size_5_5_5_i223_r12.cnf 10 2 345.444 122890 7960179 2574540 0 7546369
../../benches/sr19/new/Savicky/size_5_5_5_i235_r12.cnf 10 2 241.679 107699 6513343 2126168 0 3292215
../../benches/sr19/new/Savicky/size_5_5_5_i251_r12.cnf 0 2 1999.96 462634 29625075 11198032 0 25766240
../../benches/sr19/new/Savicky/size_5_5_5_i260_r12.cnf 0 2 1999.98 499683 30223193 9874256 0 7536401
../../benches/sr19/new/Savicky/size_5_5_5_i272_r12.cnf 0 2 1999.98 469282 25934537 8592036 0 132008
../../benches/sr19/new/Skladanivskyy/sha1r17m145ABCD.cnf 10 2 173.792 28414 1664500 973952 0 1342700
../../benches/sr19/new/Skladanivskyy/sha1r17m146ABCD_p.cnf 0 2 1999.91 211073 9272695 5152814 0 8999385
../../benches/sr19/new/Skladanivskyy/sha1r17m146ABCD.cnf 0 2 1999.91 220761 9548943 5267976 0 8916557
../../benches/sr19/new/Skladanivskyy/sha1r17m147ABCD_p.cnf 0 2 1999.98 213671 9316483 5186868 0 8756356
../../benches/sr19/new/Skladanivskyy/sha1r17m147ABCD.cnf 10 2 912.87 117777 5744388 3245789 0 5583252
../../benches/sr19/new/Skladanivskyy/sha1r17m148ABCD_p.cnf 10 2 741.716 118056 5479808 2883565 0 5130195
../../benches/sr19/new/Skladanivskyy/sha1r17m148ABCD.cnf 0 2 1999.98 214632 9382757 5218123 0 9013914
../../benches/sr19/new/Skladanivskyy/sha1r17m149ABCD_p.cnf 10 2 545.402 123444 4827564 2181022 0 4774457
../../benches/sr19/new/Skladanivskyy/sha1r17m149ABCD.cnf 0 2 1999.99 233877 9864904 5354424 0 7680610
../../benches/sr19/new/Skladanivskyy/sha1r17m63a_p.cnf 10 2 218.039 63338 2567668 1397527 0 1128894
../../benches/sr19/new/Skladanivskyy/sha1r17m66a.cnf 10 2 440.886 118547 4702305 2532122 0 4350035
../../benches/sr19/new/Skladanivskyy/sha1r17m67a.cnf 10 2 115.297 28221 1497930 903095 0 1448453
../../benches/sr19/new/Skladanivskyy/sha1r17m75a_p.cnf 10 2 24.8239 5847 352945 225413 0 300978
../../benches/sr19/new/Skladanivskyy/sha1r17m75a.cnf 10 2 108.061 29322 1502829 881281 0 1452484
../../benches/sr19/new/vonHolten/b1904P1-8x8c6h5SAT.cnf 10 2 1291.21 133062 11830037 3854020 0 11438200
../../benches/sr19/new/vonHolten/b1904P1-8x8c6h7SAT.cnf 0 2 1999.87 352273 22906981 6630063 0 22414830
../../benches/sr19/new/vonHolten/b1904P2-8x8c9h5SAT.cnf 0 2 1999.88 289280 18238145 6499355 0 18210687
../../benches/sr19/new/vonHolten/b1904P2-8x8c9h7UNSAT.cnf 0 2 2000 194805 11909900 5497291 0 11909900
../../benches/sr19/new/vonHolten/b1904P3-8x8c11h0SAT.cnf 0 2 1999.77 305685 18824609 7282064 0 18517852
../../benches/sr19/new/vonHolten/b1904P3-8x8c11h7SAT.cnf 10 2 733.64 96182 5070423 2318960 0 5057248
../../benches/sr19/new/vonHolten/b1904P3-8x8c11h7UNSAT.cnf 20 2 505.069 68785 3379775 1728716 0 3315213
../../benches/sr19/new/Zaikin/ASG_96_len112_known_last13_2_u.cnf 20 2 441.831 43480 1426151 1417320 0 1347988
../../benches/sr19/new/Zaikin/ASG_96_len112_known_last13_2.cnf 10 2 82.7822 2714 282171 280117 0 94615
../../benches/sr19/new/Zaikin/Grain_no_init_ver1_out200_known_last104_0_u.cnf 0 2 1999.97 539971 19796797 18943036 0 18676254
../../benches/sr19/new/Zaikin/Grain_no_init_ver1_out200_known_last104_0.cnf 10 2 714.511 271155 7543460 6490530 0 531960
../../benches/sr19/new/Zaikin/Grain_no_init_ver1_out200_known_last105_0_u.cnf 20 2 179.997 94947 2364612 2175199 0 2258486
../../benches/sr19/new/Zaikin/MASG_72_keystream76_0.cnf 0 2 1999.97 242486 8523862 8507628 0 8054965
../../benches/sr19/new/Zaikin/MASG0_72_keystream76_0.cnf 10 2 1264.05 183264 6933267 6926720 0 6463836
../../benches/sr19/new/Zaikin/Mickey_out250_known_last146_0_u.cnf 20 2 285.337 29799 3986441 930745 0 3912398
../../benches/sr19/new/Zaikin/Mickey_out250_known_last146_0.cnf 10 2 270.225 28916 3912916 873070 0 3872769
../../benches/sr19/new/Zaikin/Trivium_no_init_out350_known_last142_1_u.cnf 0 2 1999.97 424535 11916319 9583711 0 11005042
../../benches/sr19/new/Zaikin/Trivium_no_init_out350_known_last142_1.cnf 0 2 1999.92 433680 12000191 9440660 0 10065132
../../benches/sr19/new/Zaikin/Trivium_no_init_out350_known_last143_1_u.cnf 20 2 1205.62 349639 9021344 7298488 0 8979489
../../benches/sr19/new/Zaikin/Trivium_no_init_out350_known_last143_1.cnf 10 2 820.856 203758 6580082 5382504 0 6317544
../../benches/sr19/new/Zhou/Eternity-10-06_c18.cnf 0 2 1999.96 232818 14586627 8743320 0 14506520
../../benches/sr19/new/Zhou/Haystacks-ext-12_c18.cnf 0 2 1999.98 1133524 53058332 50027460 0 48881456
../../benches/sr19/new/Zhou/Haystacks-ext-13_c18.cnf 0 2 1999.91 1017426 46309482 43896958 0 172350
../../benches/sr19/new/Zhou/knight_14.cnf 0 2 1999.97 265893 53043141 6558560 0 44186477
../../benches/sr19/new/Zhou/knight_16.cnf 0 2 1999.61 79548 72252802 3126854 0 71956917
../../benches/sr19/new/Zhou/knight_18.cnf 0 2 1999.42 67326 81319889 3141845 0 81221343
../../benches/sr19/new/Zhou/knight_20.cnf 0 2 1999.03 52951 80959537 2883117 0 80109306
../../benches/sr19/new/Zhou/Pb-chnl15-16_c18.cnf 0 2 1999.87 1187845 45880894 40390535 0 158039
../../benches/sr19/new/Zhou/Pb-chnl20-21_c18.cnf 0 2 1999.98 934112 42114510 37390800 0 169008
../../benches/sr19/new/Zhou/QuasiGroup-4-10_c18.cnf 0 2 1999.96 141795 8565232 6008730 0 8492036
../../benches/sr19/new/Zhou/SocialGolfers-6-6-6-cp_c18.cnf 0 2 1999.97 171237 12019600 5380103 0 6615217
../../benches/sr19/new/Zhou/SocialGolfers-6-6-7-cp_c18.cnf 0 2 1999.97 159033 11456053 5170010 0 10794419
../../benches/sr19/new/Zhou/Subisomorphism-g10-g23_c18.cnf 0 2 1999.96 255748 21837657 16103672 0 21589455
../../benches/sr19/new/Zhou/Subisomorphism-g10-g27_c18.cnf 10 2 897.419 227935 15869300 9732054 0 14443559
../../benches/sr19/old/001-80-12-sc2014.cnf 10 2 971.324 94360 38866251 2519382 0 38851240
../../benches/sr19/old/002-80-8-sc2014.cnf 10 2 314.969 98817 41055692 2004720 0 32887054
../../benches/sr19/old/002-sc2013.cnf 0 2 1999.96 293391 92112764 7090864 0 89142884
../../benches/sr19/old/003-sc2013.cnf 0 2 1999.95 300114 108301508 7129688 0 102920258
../../benches/sr19/old/004-22-160-sc2014.cnf 0 2 1999.96 289273 91218848 7042780 0 88368545
../../benches/sr19/old/004-80-8-sc2014.cnf 10 2 300.848 54815 24357128 1338067 0 18328734
../../benches/sr19/old/004-sc2013.cnf 0 2 1999.89 285274 97131894 6848257 0 87076954
../../benches/sr19/old/006-23-96-sc2014.cnf 0 2 1999.95 310700 110946725 7306198 0 109107436
../../benches/sr19/old/007-sc2013.cnf 0 2 1999.96 310255 101012473 7228333 0 99599508
../../benches/sr19/old/008-80-8-sc2014.cnf 10 2 342.839 60268 26550879 1462316 0 20598678
../../benches/sr19/old/11pipe_11_ooo-sc2011.cnf 0 2 1998.32 153084 26086634 5040451 0 23835326
../../benches/sr19/old/20180322_164224543_p_cnf_320_1120-sc2018.cnf 10 2 243.311 53502 3224005 1596108 0 184555
../../benches/sr19/old/20180326_095804936_p_cnf_320_1120-sc2018.cnf 10 2 132.324 26534 1959221 1128099 0 207632
../../benches/sr19/old/24.4-sc2017.cnf 0 2 1999.94 311292 96156121 7474288 0 95213699
../../benches/sr19/old/289-unsat-21x14-sc2011.cnf 0 2 1999.95 366091 68206014 19771715 0 742184
../../benches/sr19/old/58bits_13.dimacs-sr2015.cnf 0 2 1999.98 130318 6826396 4307299 0 5604372
../../benches/sr19/old/6-4-6-sc2018.cnf 0 2 1999.85 214024 15634164 5270952 0 15625494
../../benches/sr19/old/62bits_14.dimacs-sr2015.cnf 0 2 1999.97 215978 8646997 5204060 0 8391175
../../benches/sr19/old/6s126-opt-sc2014.cnf 20 2 396.011 57455 18571423 3096189 0 18566692
../../benches/sr19/old/6s133-sc2014.cnf 20 2 61.5027 30822 1278586 779881 0 1191692
