../../benches/sr19/old/SGI_30_60_28_40_2-dir.shuffled-as.sat03-124-sc2002.cnf 0 2 1999.97 808511 35050963 28825711 0 34649967
../../benches/sr19/old/sha2.shuffled-as.sat03-442-sc2002.cnf 0 2 1999.94 40477 4086846 1459330 0 4046261
../../benches/sr19/old/sin.c.75.smt2-cvc4-sc2016.cnf 0 2 1985.58 13273 2578497 198436 0 2578497
../../benches/sr19/old/slp-synthesis-aes-bottom18-sc2011.cnf 0 2 1999.95 344125 20850576 7152250 0 20613397
../../benches/sr19/old/slp-synthesis-aes-bottom22-sc2011.cnf 0 2 1999.94 268619 22102990 5976210 0 20011979
../../benches/sr19/old/slp-synthesis-aes-bottom26-sc2011.cnf 0 2 1999.97 253535 22992071 5706967 0 22992071
../../benches/sr19/old/slp-synthesis-aes-top21-sc2011.cnf 0 2 1999.96 399970 15199819 8242484 0 15199819
../../benches/sr19/old/smtlib-qfbv-aigs-countbits128-tseitin-sc2011.cnf 0 2 1999.96 395862 20669584 7682046 0 20273133
../../benches/sr19/old/snw_13_8_pre-sc2016.cnf 20 2 1408.83 59785 2627735 1707031 0 2376643
../../benches/sr19/old/snw_16_8_nopre-sc2016.cnf 0 2 1998.79 22941 1272038 630065 0 1222996
../../benches/sr19/old/snw_16_8_pre-sc2016.cnf 0 2 1998.43 20678 1153126 621506 0 1113211
../../benches/sr19/old/sokoban-p16.sas.ex.15-sc2016.cnf 20 2 1701.45 32821 9879755 1529731 0 9028914
../../benches/sr19/old/sokoban-p16.sas.ex.19-sc2016.cnf 10 2 111.434 2150 1193739 95851 0 1180059
../../benches/sr19/old/sokoban-p16.sas.ex.21-sc2016.cnf 0 2 1998.07 40058 20008478 1636821 0 19681050
../../benches/sr19/old/sokoban-p16.sas.ex.23-sc2016.cnf 0 2 1997.66 30987 17963033 1471809 0 17398904
../../benches/sr19/old/sokoban-p20.sas.cr.35-sc2016.cnf 0 2 1999.49 36288 12500915 1634270 0 11862835
../../benches/sr19/old/sokoban-p20.sas.ex.15-sc2016.cnf 0 2 1998.61 56155 23431505 2003213 0 20928956
../../benches/sr19/old/sokoban-p20.sas.ex.17-sc2016.cnf 0 2 1998.23 59403 28581097 2051178 0 26495613
../../benches/sr19/old/sokoban-p20.sas.ex.23-sc2016.cnf 0 2 1996.78 34403 23051738 1558011 0 20467327
../../benches/sr19/old/squ_any_s09x07_c27_abio_UNS-sc2017.cnf 20 2 619.665 155230 6272091 4941596 0 6078611
