../../benches/sr19/old/6s139-sc2013.cnf 0 1 299.239 7654 110104036 298836 0 82122545
../../benches/sr19/old/6s20-sc2013.cnf 0 1 299.918 76504 4814686 1513438 0 4603178
../../benches/sr19/old/9_50-sc2017.cnf 0 1 299.929 108533 5760783 2743997 0 5463608
../../benches/sr19/old/9dlx_vliw_at_b_iq8-sc2007.cnf 0 1 297.066 4902 3466576 153042 0 3291640
../../benches/sr19/old/9pipe_k-sc2012.cnf 0 1 299.351 23619 2750906 528094 0 2692215
../../benches/sr19/old/aaai10-planning-ipc5-pathways-17-step21-sc2011.cnf 0 1 299.826 47015 2973235 1350392 0 2894973
../../benches/sr19/old/aaai10-planning-ipc5-TPP-21-step11-sc2011.cnf 0 1 299.922 13931 1156148 450762 0 1156148
../../benches/sr19/old/ACG-20-10p1-sc2009.cnf 0 1 298.789 8864 898132 130092 0 687043
../../benches/sr19/old/ae_rphp095_04-sc2018.cnf 0 1 300.003 201218 131747202 11388665 0 104012780
../../benches/sr19/old/aes_24_4_keyfind_5-sc2014.cnf 0 1 299.996 70615 1931324 1370891 0 1348657
../../benches/sr19/old/aes_32_3_keyfind_1-sc2011.cnf 0 1 299.997 121475 4164738 2412478 0 2918033
../../benches/sr19/old/aes_equiv_encry_3_rounds.debugged-sc2012.cnf 0 1 298.684 59503 11246575 1303019 0 10147173
../../benches/sr19/old/ak128astepbg2msaig-sc2016.cnf 0 1 299.354 7640 1301012 233064 0 1255583
../../benches/sr19/old/ak128modasbg2asisc-sc2016.cnf 0 1 299.561 8224 1286282 236581 0 1169910
../../benches/sr19/old/apn-sbox6-cut4-helpbox31-sc2018.cnf 0 1 299.554 52792 3110663 1703485 0 2843453
../../benches/sr19/old/AProVE07-26-sc2007.cnf 0 1 299.961 127697 9993411 1985601 0 9589563
../../benches/sr19/old/atco_enc1_opt2_20_12-sc2014.cnf 0 1 297.127 11461 535157 298640 0 401739
../../benches/sr19/old/atco_enc3_opt2_10_12-sc2014.cnf 0 1 297.156 2589 129678 29252 0 111206
../../benches/sr19/old/b_unsat-sc2013.cnf 0 1 299.416 12593 510229 314342 0 438019
../../benches/sr19/old/b04_s_2_unknown_pre-sc2013.cnf 0 1 299.52 11436 1184668 358751 0 1104462
