../../benches/sr19/old/6s139-sc2013.cnf 20 2 1983.84 81337 633427336 2067329 0 631330255
../../benches/sr19/old/6s20-sc2013.cnf 20 2 453.266 99890 4727594 2048394 0 4690672
../../benches/sr19/old/9_50-sc2017.cnf 10 2 381.412 98566 5659176 3016320 0 5595964
../../benches/sr19/old/9dlx_vliw_at_b_iq8-sc2007.cnf 0 2 1996.64 117779 50830131 4666052 0 50623414
../../benches/sr19/old/9pipe_k-sc2012.cnf 20 2 1337.12 119066 23410198 4792552 0 22898390
../../benches/sr19/old/aaai10-planning-ipc5-pathways-17-step21-sc2011.cnf 10 2 117.908 21659 1193619 603795 0 1104148
../../benches/sr19/old/aaai10-planning-ipc5-TPP-21-step11-sc2011.cnf 20 2 162.379 5521 376729 234480 0 344818
../../benches/sr19/old/ACG-20-10p1-sc2009.cnf 10 2 525.951 6996 615419 251650 0 573559
../../benches/sr19/old/ae_rphp095_04-sc2018.cnf 0 2 1999.97 827039 358683377 47781226 0 350366577
../../benches/sr19/old/aes_24_4_keyfind_5-sc2014.cnf 0 2 1999.96 223272 6746853 5358252 0 222280
../../benches/sr19/old/aes_32_3_keyfind_1-sc2011.cnf 0 2 1999.99 433392 13575822 9838518 0 12556577
../../benches/sr19/old/aes_equiv_encry_3_rounds.debugged-sc2012.cnf 20 2 208.688 44523 4876450 1255626 0 4536207
../../benches/sr19/old/ak128astepbg2msaig-sc2016.cnf 0 2 1999.73 106190 14527932 2165849 0 14088660
../../benches/sr19/old/ak128modasbg2asisc-sc2016.cnf 0 2 1999.69 100045 14198337 2362516 0 14073625
../../benches/sr19/old/apn-sbox6-cut4-helpbox31-sc2018.cnf 0 2 1999.74 246557 12572135 8359457 0 12345443
../../benches/sr19/old/AProVE07-26-sc2007.cnf 0 2 1999.97 439506 35636358 8730126 0 35413744
../../benches/sr19/old/atco_enc1_opt2_20_12-sc2014.cnf 20 2 1587.34 105563 4150403 2484129 0 3956156
../../benches/sr19/old/atco_enc3_opt2_10_12-sc2014.cnf 20 2 1187.31 6857 394325 202117 0 371869
../../benches/sr19/old/b_unsat-sc2013.cnf 20 2 932.067 25897 1405362 1022535 0 1336843
../../benches/sr19/old/b04_s_2_unknown_pre-sc2013.cnf 0 2 1999.52 77542 6652163 1967132 0 6141826
