../../benches/sr19/old/blockpuzzle_5x10_s3_free4-sc2017.cnf 0 1 299.92 182779 11534499 6063930 0 11080060
../../benches/sr19/old/blocks-blocks-36-0.120-NOTKNOWN-sc2011.cnf 0 1 297.199 2743 1436045 143393 0 1289154
../../benches/sr19/old/blocks-blocks-37-1.130-NOTKNOWN-sc2011.cnf 0 1 295.7 1982 1305193 118786 0 933934
../../benches/sr19/old/bob12s06-sc2013.cnf 0 1 299.273 5612 158058856 297893 0 74468205
../../benches/sr19/old/c6288mul.miter.shuffled-as.sat03-346-sc2002.cnf 0 1 299.964 88804 7077914 1476417 0 6539147
../../benches/sr19/old/connm-ue-csp-sat-n800-d0.02-s111845174.used-as.sat04-958-sc2011.cnf 0 1 299.984 83489 2655797 1961160 0 626230
../../benches/sr19/old/countbitsrotate032-sc2009.cnf 0 1 299.991 4803 673303 670401 0 372395
../../benches/sr19/old/countbitssrl032-sc2009.cnf 0 1 299.973 52043 2511401 1279157 0 2489193
../../benches/sr19/old/countbitswegner128-sc2011.cnf 0 1 299.866 57113 4193356 1419745 0 4084295
../../benches/sr19/old/course0.2_2018_3-sc2018.cnf 0 1 298.715 8632 1636801 210031 0 1589091
../../benches/sr19/old/ctl_4291_567_2_unsat_pre-sc2013.cnf 0 1 299.93 69796 2387829 1654716 0 2168198
../../benches/sr19/old/ctl_4291_567_2_unsat-sc2013.cnf 0 1 299.915 64534 2289290 1585126 0 2277213
../../benches/sr19/old/ctl_4291_567_5_unsat_pre-sc2014.cnf 0 1 299.933 82753 2568010 1803405 0 2253152
../../benches/sr19/old/custmulsb2x32o-sc2016.cnf 0 1 299.993 84077 1783568 1608436 0 1749549
../../benches/sr19/old/custmulun16x16o-sc2016.cnf 0 1 299.994 79966 3425275 1764947 0 3172245
../../benches/sr19/old/e_rphp035_05-sc2018.cnf 0 1 299.994 274409 37143500 10106967 0 36378484
../../benches/sr19/old/ecarev-110-1031-23-40-8-sc2018.cnf 0 1 300.102 116420 5325252 2175721 0 5325252
../../benches/sr19/old/edges-024-4-5613555-1-00-sc2014.cnf 0 1 299.994 205927 6435252 5090326 0 178772
../../benches/sr19/old/EDP3-70000-sc2014.cnf 0 1 296.254 6604 2690941 132697 0 2611046
../../benches/sr19/old/ex051_9-sc2018.cnf 0 1 299.793 99104 5480300 1998519 0 4859669
