../../benches/sr19/old/blockpuzzle_5x10_s3_free4-sc2017.cnf 20 2 1708.84 887067 49765857 25702372 0 49534060
../../benches/sr19/old/blocks-blocks-36-0.120-NOTKNOWN-sc2011.cnf 0 2 1998.63 12496 4555365 849313 0 4488131
../../benches/sr19/old/blocks-blocks-37-1.130-NOTKNOWN-sc2011.cnf 20 2 1161.48 5216 2692347 408785 0 2423990
../../benches/sr19/old/bob12s06-sc2013.cnf 0 2 1999.58 153069 527924035 4093903 0 527625499
../../benches/sr19/old/c6288mul.miter.shuffled-as.sat03-346-sc2002.cnf 0 2 1999.98 311414 21913601 5958270 0 21727908
../../benches/sr19/old/connm-ue-csp-sat-n800-d0.02-s111845174.used-as.sat04-958-sc2011.cnf 0 2 1999.98 280195 8484643 7418081 0 183976
../../benches/sr19/old/countbitsrotate032-sc2009.cnf 0 2 1999.89 40846 4977566 4973683 0 201015
../../benches/sr19/old/countbitssrl032-sc2009.cnf 20 2 50.9266 6224 335615 224660 0 301168
../../benches/sr19/old/countbitswegner128-sc2011.cnf 0 2 1999.94 431825 22166721 8523163 0 22149199
../../benches/sr19/old/course0.2_2018_3-sc2018.cnf 10 2 736.599 29627 5455013 544674 0 5358265
../../benches/sr19/old/ctl_4291_567_2_unsat_pre-sc2013.cnf 20 2 1823.14 297424 9795517 7162817 0 9606660
../../benches/sr19/old/ctl_4291_567_2_unsat-sc2013.cnf 20 2 1601.69 255437 8882319 6563276 0 8738944
../../benches/sr19/old/ctl_4291_567_5_unsat_pre-sc2014.cnf 0 2 1999.92 385804 11541402 8144451 0 11482370
../../benches/sr19/old/custmulsb2x32o-sc2016.cnf 0 2 1999.98 411999 9176879 7447773 0 8242283
../../benches/sr19/old/custmulun16x16o-sc2016.cnf 0 2 1999.98 339445 13489688 7543225 0 11929844
../../benches/sr19/old/e_rphp035_05-sc2018.cnf 20 2 243.813 317874 22100848 8633770 0 21806264
../../benches/sr19/old/ecarev-110-1031-23-40-8-sc2018.cnf 10 2 197.149 28136 1855008 972490 0 1755319
../../benches/sr19/old/edges-024-4-5613555-1-00-sc2014.cnf 0 2 1999.93 798664 22956492 20180377 0 107662
../../benches/sr19/old/EDP3-70000-sc2014.cnf 0 2 1996.74 54178 20986994 1423372 0 10510149
../../benches/sr19/old/ex051_9-sc2018.cnf 0 2 1999.7 286489 16225666 6798659 0 16088871
